100 1 100
9900
1 30 1
1 46 1
1 84 1
1 90 1
2 5 1
2 9 1
2 26 1
2 59 1
2 66 1
3 39 1
3 58 1
3 81 1
3 90 1
4 12 1
4 23 1
4 36 1
4 68 1
4 95 1
4 98 1
5 10 1
5 34 1
6 17 1
6 35 1
6 37 1
6 55 1
6 76 1
6 82 1
7 19 1
7 38 1
7 42 1
7 49 1
7 75 1
8 32 1
8 36 1
8 47 1
8 65 1
8 78 1
8 95 1
9 36 1
9 37 1
9 58 1
10 6 1
10 9 1
10 42 1
10 58 1
10 63 1
10 72 1
10 79 1
10 100 1
11 8 1
11 18 1
11 53 1
11 58 1
11 66 1
11 74 1
11 79 1
11 84 1
11 86 1
11 100 1
12 18 1
12 25 1
12 41 1
12 48 1
12 51 1
12 53 1
12 54 1
12 57 1
12 80 1
12 89 1
12 94 1
13 2 1
13 27 1
13 38 1
13 39 1
13 61 1
14 16 1
14 29 1
14 50 1
14 53 1
14 80 1
15 7 1
15 23 1
15 33 1
15 64 1
15 81 1
16 13 1
16 32 1
16 35 1
16 67 1
16 70 1
17 5 1
17 16 1
17 42 1
17 45 1
17 47 1
17 52 1
17 82 1
17 85 1
17 92 1
18 20 1
18 73 1
19 7 1
19 25 1
19 34 1
19 43 1
19 45 1
20 4 1
20 11 1
20 76 1
20 81 1
21 44 1
21 46 1
21 78 1
21 84 1
22 26 1
22 34 1
22 43 1
22 47 1
22 58 1
22 60 1
22 76 1
22 91 1
23 17 1
23 47 1
23 52 1
23 59 1
23 72 1
23 76 1
23 94 1
24 21 1
25 28 1
25 73 1
25 88 1
25 100 1
26 19 1
26 28 1
26 39 1
26 87 1
26 91 1
26 93 1
26 94 1
27 3 1
27 7 1
27 30 1
27 42 1
27 59 1
27 64 1
27 65 1
27 72 1
27 76 1
27 83 1
27 96 1
28 12 1
28 13 1
28 71 1
28 74 1
28 82 1
28 90 1
29 16 1
29 51 1
29 55 1
29 70 1
29 94 1
30 6 1
30 17 1
30 18 1
30 22 1
30 25 1
30 40 1
30 49 1
30 56 1
30 61 1
30 63 1
30 94 1
30 95 1
31 9 1
31 25 1
31 32 1
31 40 1
31 64 1
31 75 1
31 95 1
31 98 1
32 38 1
32 48 1
32 78 1
32 79 1
32 99 1
33 32 1
33 46 1
33 50 1
33 66 1
33 73 1
33 79 1
33 80 1
33 85 1
33 97 1
33 98 1
34 11 1
34 57 1
34 68 1
35 11 1
35 31 1
35 45 1
36 41 1
36 46 1
36 58 1
37 16 1
37 50 1
37 52 1
37 59 1
37 80 1
37 81 1
38 3 1
38 62 1
38 71 1
38 84 1
38 89 1
38 92 1
39 5 1
39 18 1
39 22 1
39 66 1
39 69 1
39 72 1
39 95 1
40 4 1
40 15 1
40 37 1
40 67 1
40 72 1
40 92 1
40 95 1
41 16 1
41 21 1
41 26 1
41 62 1
41 91 1
42 24 1
42 48 1
43 66 1
43 82 1
43 98 1
44 30 1
44 58 1
44 66 1
44 79 1
44 82 1
44 96 1
45 20 1
45 76 1
46 6 1
46 21 1
46 55 1
46 75 1
46 98 1
47 25 1
47 53 1
47 71 1
47 88 1
47 90 1
48 13 1
48 43 1
48 61 1
48 66 1
48 82 1
49 5 1
49 65 1
51 19 1
51 70 1
52 27 1
52 28 1
52 77 1
52 97 1
52 100 1
53 18 1
53 40 1
53 92 1
53 100 1
54 2 1
54 30 1
54 47 1
54 51 1
54 88 1
55 23 1
55 48 1
55 59 1
55 74 1
55 87 1
56 18 1
56 29 1
56 47 1
56 53 1
56 54 1
56 63 1
56 70 1
57 19 1
57 36 1
57 88 1
57 93 1
58 10 1
58 16 1
58 39 1
58 46 1
58 64 1
58 66 1
58 83 1
59 10 1
59 24 1
59 30 1
59 61 1
59 96 1
60 5 1
60 34 1
60 52 1
60 64 1
60 78 1
60 79 1
61 8 1
61 38 1
61 71 1
62 29 1
62 51 1
62 64 1
63 22 1
63 47 1
63 70 1
63 71 1
63 95 1
63 99 1
64 23 1
64 30 1
64 65 1
64 89 1
64 92 1
65 15 1
65 35 1
65 37 1
65 51 1
65 92 1
66 18 1
66 44 1
66 51 1
66 57 1
66 63 1
66 77 1
66 86 1
67 19 1
67 57 1
67 82 1
67 88 1
67 100 1
68 8 1
68 19 1
68 69 1
69 9 1
69 13 1
69 49 1
69 53 1
69 63 1
70 14 1
70 33 1
70 59 1
70 88 1
71 28 1
71 30 1
72 6 1
72 18 1
72 32 1
72 41 1
72 84 1
73 9 1
73 15 1
73 18 1
73 19 1
73 43 1
73 56 1
73 75 1
73 86 1
74 25 1
74 53 1
74 76 1
74 97 1
75 47 1
75 60 1
75 71 1
75 73 1
75 76 1
75 94 1
76 28 1
76 35 1
76 55 1
76 58 1
76 61 1
76 68 1
76 92 1
76 100 1
77 10 1
77 13 1
77 19 1
77 63 1
77 70 1
77 85 1
77 87 1
78 10 1
78 23 1
78 39 1
78 41 1
78 48 1
78 57 1
78 70 1
78 75 1
78 84 1
78 85 1
79 6 1
79 9 1
79 31 1
79 49 1
80 3 1
80 9 1
80 28 1
80 30 1
80 38 1
80 66 1
80 67 1
80 68 1
80 88 1
80 89 1
81 44 1
81 55 1
81 64 1
81 80 1
81 88 1
82 10 1
82 23 1
82 29 1
82 51 1
82 81 1
83 61 1
83 78 1
83 79 1
84 47 1
84 56 1
84 57 1
84 73 1
84 78 1
84 79 1
84 90 1
84 94 1
85 7 1
85 25 1
85 31 1
85 49 1
85 63 1
86 43 1
86 45 1
86 51 1
86 78 1
86 85 1
86 91 1
87 19 1
87 20 1
87 21 1
87 48 1
87 53 1
87 77 1
87 81 1
88 31 1
88 57 1
88 92 1
89 6 1
89 17 1
89 23 1
89 63 1
89 81 1
89 95 1
90 26 1
90 56 1
90 83 1
90 84 1
91 26 1
92 24 1
92 66 1
92 82 1
93 8 1
93 21 1
93 22 1
93 24 1
93 25 1
93 44 1
94 19 1
94 48 1
94 58 1
94 93 1
94 96 1
94 100 1
95 46 1
95 54 1
95 59 1
95 83 1
95 87 1
96 13 1
96 76 1
97 12 1
97 29 1
97 30 1
97 33 1
97 54 1
97 57 1
98 21 1
98 22 1
98 34 1
98 47 1
98 49 1
98 68 1
98 69 1
98 72 1
98 79 1
98 83 1
99 6 1
99 7 1
99 51 1
99 74 1
99 95 1
100 11 1
100 35 1
100 61 1
100 66 1
100 77 1
1 35 2
1 71 2
1 86 2
1 88 2
1 91 2
2 10 2
2 58 2
2 61 2
2 85 2
2 91 2
3 27 2
3 52 2
3 53 2
3 73 2
4 34 2
4 67 2
5 4 2
5 18 2
5 97 2
6 4 2
6 22 2
6 56 2
6 58 2
6 62 2
6 77 2
6 97 2
7 9 2
7 18 2
7 43 2
7 79 2
8 3 2
8 55 2
8 92 2
9 1 2
9 10 2
9 43 2
9 68 2
10 7 2
10 38 2
10 43 2
10 60 2
10 87 2
11 14 2
11 27 2
11 52 2
11 60 2
11 65 2
11 67 2
11 71 2
12 5 2
12 35 2
12 38 2
12 69 2
12 78 2
13 83 2
14 6 2
14 25 2
14 58 2
14 63 2
14 64 2
15 11 2
15 36 2
15 86 2
15 87 2
16 6 2
16 50 2
16 98 2
17 13 2
17 24 2
17 29 2
17 41 2
17 72 2
17 73 2
17 79 2
18 16 2
18 38 2
18 41 2
18 71 2
18 90 2
19 2 2
19 3 2
19 35 2
20 9 2
20 37 2
20 49 2
20 89 2
20 97 2
20 100 2
21 56 2
22 37 2
22 73 2
22 89 2
23 45 2
23 48 2
23 51 2
24 11 2
24 37 2
24 51 2
24 85 2
25 1 2
25 65 2
25 72 2
26 9 2
26 10 2
26 14 2
26 31 2
26 45 2
26 52 2
26 62 2
27 18 2
27 44 2
27 45 2
28 6 2
28 21 2
28 29 2
28 34 2
28 41 2
28 62 2
28 69 2
28 70 2
29 31 2
29 77 2
29 79 2
30 5 2
30 21 2
30 24 2
30 35 2
30 48 2
30 81 2
30 92 2
31 3 2
31 13 2
31 61 2
31 71 2
31 99 2
32 12 2
32 14 2
32 30 2
32 49 2
33 25 2
33 68 2
33 78 2
33 82 2
33 89 2
34 37 2
34 53 2
34 79 2
34 94 2
35 27 2
35 97 2
36 1 2
36 2 2
36 37 2
36 42 2
36 47 2
36 52 2
36 74 2
37 7 2
37 68 2
37 79 2
37 91 2
37 98 2
38 74 2
38 85 2
39 10 2
39 26 2
39 46 2
39 76 2
39 83 2
39 94 2
40 6 2
40 49 2
40 57 2
40 87 2
40 90 2
41 11 2
41 30 2
41 59 2
41 67 2
41 99 2
42 1 2
42 14 2
42 30 2
42 79 2
43 19 2
43 32 2
43 53 2
43 68 2
43 70 2
44 10 2
44 23 2
44 32 2
45 36 2
45 55 2
45 90 2
46 50 2
46 78 2
47 1 2
47 13 2
47 39 2
47 48 2
47 67 2
47 100 2
48 17 2
48 30 2
48 38 2
48 50 2
48 52 2
48 57 2
49 29 2
49 34 2
49 35 2
49 44 2
49 59 2
49 69 2
49 80 2
49 83 2
49 99 2
50 9 2
50 19 2
50 37 2
50 45 2
50 54 2
50 76 2
51 7 2
51 8 2
51 69 2
52 42 2
52 74 2
52 78 2
53 34 2
53 94 2
54 25 2
54 73 2
54 97 2
55 14 2
55 49 2
55 62 2
56 87 2
57 21 2
57 83 2
58 9 2
58 12 2
58 40 2
58 53 2
58 65 2
58 81 2
58 99 2
59 48 2
59 63 2
59 88 2
59 93 2
59 97 2
60 26 2
60 35 2
60 38 2
60 50 2
60 99 2
61 9 2
61 25 2
61 52 2
61 66 2
62 13 2
62 36 2
63 13 2
63 28 2
63 82 2
64 16 2
64 38 2
64 69 2
64 81 2
64 82 2
64 84 2
64 94 2
65 8 2
65 45 2
65 47 2
65 59 2
65 77 2
65 97 2
66 25 2
66 56 2
66 79 2
66 81 2
66 84 2
66 91 2
67 20 2
67 33 2
67 59 2
67 63 2
67 85 2
68 14 2
68 71 2
68 82 2
69 7 2
69 21 2
69 57 2
69 58 2
70 79 2
70 94 2
71 14 2
71 44 2
71 89 2
71 92 2
72 10 2
72 16 2
72 25 2
72 51 2
72 98 2
73 1 2
73 28 2
73 42 2
73 67 2
73 92 2
74 11 2
74 24 2
74 35 2
74 49 2
74 64 2
74 78 2
74 94 2
74 100 2
75 6 2
75 30 2
75 43 2
76 32 2
76 64 2
76 69 2
76 94 2
77 40 2
77 55 2
77 61 2
77 65 2
77 72 2
77 73 2
78 16 2
78 19 2
78 26 2
78 54 2
79 34 2
79 39 2
79 66 2
79 75 2
79 99 2
80 21 2
80 40 2
80 54 2
80 83 2
81 24 2
81 32 2
81 34 2
81 43 2
81 74 2
82 16 2
82 31 2
82 65 2
82 90 2
82 98 2
83 10 2
83 28 2
83 86 2
84 61 2
84 66 2
85 12 2
85 45 2
85 66 2
85 68 2
86 1 2
86 11 2
86 44 2
86 68 2
86 99 2
86 100 2
87 22 2
88 38 2
88 67 2
88 70 2
89 22 2
89 35 2
89 53 2
89 60 2
90 2 2
90 42 2
91 31 2
91 38 2
91 57 2
91 77 2
91 79 2
91 100 2
92 12 2
92 23 2
92 38 2
92 43 2
92 44 2
92 61 2
92 72 2
93 18 2
93 31 2
93 40 2
93 56 2
93 71 2
93 85 2
93 99 2
94 26 2
94 74 2
96 5 2
96 23 2
96 51 2
96 52 2
96 58 2
97 48 2
97 52 2
97 61 2
97 73 2
97 77 2
97 83 2
97 84 2
98 14 2
98 70 2
98 80 2
98 85 2
98 99 2
99 5 2
99 10 2
99 17 2
99 20 2
99 48 2
99 61 2
99 84 2
100 2 2
100 34 2
100 70 2
1 5 3
1 61 3
1 89 3
1 97 3
2 1 3
2 8 3
2 14 3
2 64 3
2 65 3
3 40 3
3 72 3
3 83 3
4 1 3
4 3 3
4 49 3
4 92 3
5 2 3
5 8 3
5 23 3
5 29 3
5 51 3
5 72 3
5 84 3
6 8 3
6 29 3
6 34 3
6 46 3
6 47 3
6 63 3
6 70 3
6 98 3
7 1 3
7 31 3
7 47 3
7 73 3
7 98 3
8 16 3
8 29 3
8 38 3
8 44 3
8 51 3
8 62 3
8 79 3
8 81 3
9 2 3
9 21 3
9 56 3
9 59 3
9 71 3
9 99 3
10 47 3
10 48 3
10 52 3
10 53 3
10 66 3
10 80 3
11 1 3
11 2 3
11 47 3
11 57 3
11 62 3
11 64 3
11 70 3
11 92 3
11 99 3
12 14 3
12 34 3
12 85 3
12 90 3
13 35 3
14 54 3
14 98 3
15 13 3
15 26 3
15 85 3
15 88 3
15 90 3
15 94 3
16 9 3
16 21 3
16 55 3
16 60 3
16 63 3
16 72 3
16 89 3
16 91 3
17 2 3
17 3 3
17 37 3
17 49 3
17 68 3
18 13 3
18 46 3
18 55 3
18 78 3
18 93 3
19 81 3
19 90 3
19 98 3
20 5 3
20 30 3
20 34 3
20 46 3
21 50 3
21 70 3
21 75 3
21 79 3
22 21 3
22 42 3
22 62 3
22 71 3
22 83 3
23 25 3
23 28 3
23 35 3
23 49 3
23 56 3
23 97 3
24 35 3
24 53 3
24 59 3
24 92 3
24 97 3
25 12 3
25 17 3
25 38 3
25 46 3
26 34 3
26 43 3
26 76 3
26 88 3
27 1 3
27 11 3
27 32 3
27 69 3
27 85 3
27 88 3
27 100 3
28 18 3
28 23 3
28 47 3
28 58 3
28 91 3
28 95 3
29 8 3
29 27 3
29 40 3
29 47 3
29 62 3
29 92 3
30 12 3
30 43 3
30 45 3
30 65 3
31 4 3
31 36 3
31 37 3
31 45 3
31 47 3
31 81 3
31 82 3
31 83 3
32 27 3
32 33 3
32 63 3
32 91 3
33 14 3
33 71 3
33 91 3
34 3 3
34 10 3
34 19 3
34 30 3
34 33 3
34 88 3
35 10 3
35 24 3
35 25 3
35 26 3
35 41 3
35 64 3
35 79 3
35 92 3
35 98 3
36 73 3
36 78 3
37 11 3
37 12 3
37 23 3
37 44 3
37 45 3
37 62 3
37 72 3
38 8 3
38 86 3
39 1 3
39 23 3
39 53 3
39 55 3
39 63 3
39 77 3
40 17 3
40 42 3
40 70 3
40 91 3
41 33 3
41 63 3
41 65 3
42 37 3
42 43 3
43 6 3
44 6 3
44 11 3
44 39 3
44 45 3
45 9 3
45 34 3
45 54 3
45 66 3
45 72 3
45 82 3
46 2 3
46 9 3
46 31 3
46 74 3
46 85 3
47 7 3
47 11 3
47 36 3
47 49 3
47 50 3
47 55 3
47 57 3
47 70 3
47 86 3
48 10 3
48 44 3
48 56 3
49 7 3
49 11 3
49 17 3
49 41 3
49 47 3
50 34 3
50 78 3
51 18 3
51 57 3
51 62 3
51 91 3
51 94 3
52 8 3
52 36 3
52 44 3
52 63 3
52 83 3
53 1 3
53 16 3
53 25 3
53 39 3
53 57 3
53 63 3
53 93 3
54 29 3
54 37 3
54 43 3
54 53 3
54 64 3
54 68 3
54 70 3
54 71 3
54 83 3
54 85 3
54 99 3
55 52 3
55 58 3
55 76 3
55 78 3
55 90 3
55 98 3
56 9 3
56 50 3
56 89 3
57 10 3
57 17 3
57 39 3
57 40 3
57 80 3
57 100 3
58 13 3
58 42 3
58 55 3
59 65 3
60 6 3
60 21 3
60 41 3
60 46 3
60 53 3
60 66 3
60 75 3
60 97 3
61 1 3
61 29 3
61 34 3
61 68 3
61 75 3
61 94 3
61 96 3
61 100 3
62 31 3
62 37 3
62 46 3
62 67 3
62 79 3
62 91 3
63 50 3
63 79 3
63 89 3
63 98 3
64 18 3
64 25 3
64 43 3
64 85 3
65 16 3
65 24 3
65 26 3
65 36 3
65 69 3
65 71 3
66 4 3
66 78 3
66 89 3
66 96 3
66 100 3
67 12 3
67 14 3
67 54 3
68 18 3
68 53 3
68 59 3
68 91 3
69 4 3
69 11 3
69 17 3
69 27 3
69 28 3
69 48 3
69 50 3
69 56 3
69 87 3
70 43 3
70 48 3
70 49 3
70 58 3
70 60 3
70 61 3
70 66 3
71 18 3
71 37 3
71 46 3
71 57 3
71 83 3
71 96 3
71 99 3
72 5 3
72 27 3
72 33 3
72 47 3
73 40 3
73 52 3
73 79 3
73 81 3
74 1 3
74 31 3
74 56 3
75 17 3
75 26 3
75 41 3
75 66 3
75 69 3
75 86 3
76 8 3
76 71 3
77 56 3
77 57 3
78 21 3
78 64 3
79 1 3
79 42 3
79 51 3
79 81 3
79 83 3
80 1 3
80 85 3
81 1 3
81 37 3
81 42 3
81 50 3
81 71 3
81 77 3
82 2 3
82 4 3
82 12 3
82 38 3
82 67 3
82 88 3
82 97 3
82 100 3
83 13 3
83 27 3
83 42 3
83 45 3
83 50 3
83 72 3
83 77 3
84 16 3
84 37 3
84 40 3
85 88 3
85 90 3
86 33 3
86 58 3
86 87 3
87 5 3
87 38 3
87 47 3
87 49 3
87 50 3
88 21 3
88 43 3
88 44 3
88 60 3
88 63 3
88 66 3
88 93 3
88 97 3
88 98 3
88 99 3
89 14 3
89 15 3
89 52 3
89 68 3
89 80 3
90 16 3
90 17 3
90 35 3
90 44 3
90 62 3
91 13 3
91 89 3
92 13 3
92 14 3
92 29 3
92 34 3
92 37 3
92 51 3
92 52 3
92 56 3
92 74 3
92 100 3
93 17 3
93 34 3
94 18 3
94 29 3
94 61 3
94 67 3
94 79 3
94 88 3
95 8 3
95 24 3
95 56 3
95 84 3
96 4 3
96 20 3
96 33 3
96 35 3
96 40 3
96 54 3
97 25 3
97 34 3
97 44 3
97 59 3
97 71 3
98 3 3
98 50 3
98 55 3
98 88 3
99 34 3
99 46 3
99 52 3
99 60 3
99 63 3
99 96 3
99 98 3
100 12 3
100 33 3
100 40 3
100 41 3
100 42 3
100 45 3
100 75 3
100 85 3
100 86 3
100 95 3
1 11 4
1 13 4
1 39 4
1 57 4
1 77 4
2 3 4
2 39 4
2 42 4
2 90 4
3 4 4
3 6 4
3 14 4
3 42 4
3 44 4
3 84 4
3 88 4
3 92 4
3 96 4
3 99 4
4 17 4
4 30 4
4 43 4
4 76 4
4 80 4
4 88 4
4 93 4
5 1 4
5 24 4
5 62 4
5 65 4
5 75 4
5 94 4
5 100 4
6 41 4
6 54 4
6 83 4
7 26 4
7 40 4
7 46 4
7 65 4
7 67 4
8 34 4
8 43 4
8 52 4
9 8 4
9 15 4
9 48 4
9 75 4
9 87 4
10 30 4
10 31 4
10 51 4
10 74 4
10 86 4
10 91 4
11 31 4
11 41 4
11 73 4
12 30 4
12 75 4
13 22 4
13 56 4
13 70 4
13 98 4
14 7 4
14 9 4
14 10 4
14 20 4
14 38 4
14 39 4
14 46 4
14 55 4
14 90 4
15 1 4
15 58 4
15 76 4
15 78 4
15 82 4
15 83 4
15 95 4
15 97 4
16 39 4
16 44 4
16 71 4
16 78 4
17 67 4
17 69 4
18 1 4
18 27 4
18 48 4
18 65 4
19 1 4
19 12 4
19 15 4
19 36 4
19 47 4
19 52 4
19 84 4
19 97 4
20 18 4
20 57 4
20 74 4
20 93 4
20 94 4
21 37 4
21 89 4
22 19 4
22 63 4
22 67 4
22 79 4
23 10 4
23 14 4
23 15 4
23 50 4
23 86 4
24 2 4
24 6 4
24 12 4
24 13 4
24 47 4
24 56 4
24 90 4
25 4 4
25 8 4
25 10 4
25 18 4
25 54 4
25 58 4
25 59 4
25 69 4
26 8 4
26 22 4
26 25 4
26 41 4
26 47 4
26 63 4
26 70 4
26 81 4
27 34 4
27 53 4
27 75 4
27 81 4
28 16 4
28 25 4
28 27 4
28 98 4
29 4 4
29 28 4
29 30 4
29 37 4
29 57 4
30 64 4
30 73 4
30 74 4
30 76 4
31 14 4
31 17 4
31 27 4
31 44 4
31 50 4
31 52 4
31 62 4
31 92 4
32 4 4
32 93 4
33 35 4
33 44 4
33 70 4
33 99 4
34 12 4
34 62 4
34 96 4
35 40 4
35 72 4
35 78 4
35 95 4
36 38 4
36 44 4
36 45 4
36 64 4
36 69 4
36 87 4
37 3 4
37 13 4
37 22 4
37 31 4
37 49 4
37 95 4
39 24 4
39 34 4
39 44 4
39 91 4
39 92 4
39 96 4
40 1 4
40 5 4
40 25 4
40 38 4
40 45 4
40 48 4
40 86 4
41 8 4
41 64 4
41 75 4
41 95 4
42 18 4
42 57 4
42 59 4
42 81 4
43 46 4
43 52 4
43 65 4
43 73 4
44 22 4
44 36 4
44 40 4
44 69 4
44 87 4
44 99 4
45 25 4
45 42 4
45 50 4
45 61 4
45 69 4
45 75 4
45 79 4
45 87 4
45 99 4
46 10 4
46 12 4
46 20 4
46 27 4
46 43 4
46 47 4
46 48 4
46 76 4
47 5 4
47 31 4
47 93 4
48 9 4
48 15 4
48 69 4
48 75 4
48 86 4
48 89 4
48 94 4
49 8 4
49 55 4
49 92 4
49 95 4
50 1 4
50 32 4
50 60 4
50 67 4
50 97 4
51 4 4
51 15 4
51 58 4
51 81 4
51 86 4
51 98 4
52 30 4
52 41 4
52 50 4
52 53 4
52 57 4
52 59 4
52 66 4
52 71 4
52 80 4
53 30 4
53 31 4
53 59 4
54 17 4
54 32 4
54 46 4
55 16 4
55 28 4
55 33 4
55 57 4
55 93 4
56 39 4
56 43 4
56 46 4
56 51 4
56 64 4
56 74 4
56 83 4
57 25 4
57 50 4
57 59 4
58 22 4
58 26 4
58 27 4
58 34 4
58 43 4
58 78 4
58 85 4
59 3 4
59 7 4
59 12 4
59 28 4
59 66 4
59 68 4
60 67 4
60 69 4
60 81 4
60 82 4
61 14 4
61 17 4
61 28 4
61 58 4
61 76 4
61 98 4
62 22 4
62 32 4
62 35 4
62 47 4
62 52 4
62 65 4
62 71 4
62 72 4
62 84 4
62 85 4
62 87 4
62 92 4
63 7 4
63 10 4
63 38 4
63 61 4
63 84 4
63 86 4
64 37 4
64 39 4
65 2 4
65 48 4
65 60 4
65 85 4
66 8 4
66 10 4
66 17 4
66 75 4
66 87 4
66 88 4
67 18 4
67 36 4
67 72 4
67 89 4
68 17 4
68 37 4
68 46 4
68 50 4
68 55 4
68 56 4
68 64 4
68 77 4
68 86 4
69 52 4
69 55 4
69 75 4
69 81 4
69 88 4
69 97 4
70 10 4
70 28 4
70 31 4
70 68 4
71 8 4
71 17 4
71 19 4
71 20 4
71 24 4
71 36 4
71 52 4
71 53 4
71 76 4
72 3 4
72 23 4
72 29 4
72 71 4
72 83 4
73 88 4
74 42 4
74 46 4
74 52 4
74 69 4
74 70 4
74 81 4
74 89 4
74 96 4
75 12 4
75 18 4
75 22 4
75 34 4
75 37 4
75 53 4
75 56 4
75 70 4
75 87 4
75 88 4
76 11 4
76 20 4
76 46 4
76 78 4
76 80 4
77 21 4
77 53 4
77 62 4
77 76 4
77 88 4
77 90 4
77 91 4
78 4 4
78 11 4
78 27 4
78 34 4
78 36 4
78 74 4
78 91 4
79 7 4
79 40 4
79 45 4
79 74 4
79 85 4
80 7 4
80 11 4
80 53 4
80 87 4
81 4 4
81 5 4
81 11 4
81 78 4
81 93 4
81 95 4
82 30 4
82 66 4
83 55 4
84 6 4
84 10 4
84 29 4
84 54 4
84 59 4
84 72 4
85 43 4
85 50 4
85 80 4
85 83 4
86 5 4
86 7 4
86 23 4
86 57 4
86 61 4
86 98 4
87 39 4
87 84 4
88 9 4
88 11 4
88 23 4
88 34 4
88 79 4
89 7 4
89 73 4
90 20 4
90 60 4
90 89 4
90 91 4
91 1 4
91 2 4
91 61 4
91 95 4
92 4 4
92 45 4
92 70 4
92 90 4
93 3 4
93 49 4
93 50 4
93 59 4
93 70 4
93 81 4
93 86 4
94 22 4
94 27 4
94 32 4
94 82 4
95 2 4
95 48 4
95 80 4
96 30 4
96 38 4
96 44 4
96 61 4
96 66 4
96 71 4
96 97 4
97 10 4
97 32 4
97 46 4
97 53 4
97 67 4
97 89 4
98 2 4
98 4 4
98 7 4
98 10 4
98 11 4
98 23 4
98 25 4
98 39 4
98 40 4
98 53 4
98 67 4
99 31 4
99 36 4
99 37 4
99 62 4
99 66 4
99 77 4
99 79 4
99 94 4
100 36 4
100 80 4
1 6 5
1 12 5
1 20 5
1 26 5
1 69 5
1 76 5
1 82 5
2 21 5
2 43 5
2 47 5
2 68 5
2 98 5
3 8 5
3 13 5
3 36 5
3 50 5
3 62 5
4 8 5
4 46 5
4 64 5
5 11 5
5 42 5
5 45 5
5 58 5
5 83 5
6 23 5
6 26 5
6 51 5
6 69 5
6 92 5
7 13 5
7 17 5
7 33 5
7 57 5
7 78 5
7 83 5
8 93 5
9 11 5
9 19 5
9 57 5
9 69 5
9 83 5
9 93 5
10 5 5
10 36 5
10 54 5
10 75 5
10 99 5
11 5 5
11 7 5
11 88 5
12 1 5
12 44 5
12 52 5
12 60 5
12 67 5
12 77 5
12 87 5
13 1 5
13 77 5
13 92 5
13 97 5
14 2 5
14 30 5
14 62 5
14 85 5
15 24 5
15 37 5
15 57 5
15 92 5
15 98 5
16 19 5
16 24 5
16 28 5
16 45 5
16 58 5
16 97 5
16 99 5
17 61 5
17 83 5
17 94 5
18 34 5
18 35 5
18 47 5
18 80 5
19 55 5
19 60 5
19 82 5
19 100 5
20 23 5
20 25 5
20 68 5
20 73 5
20 84 5
21 59 5
22 6 5
22 50 5
22 94 5
22 99 5
22 100 5
23 33 5
23 55 5
23 69 5
23 84 5
23 88 5
23 90 5
23 100 5
24 55 5
24 63 5
24 68 5
25 14 5
25 15 5
25 40 5
25 55 5
25 63 5
25 66 5
25 71 5
25 80 5
25 96 5
25 98 5
26 3 5
26 4 5
26 15 5
26 20 5
26 53 5
26 89 5
27 17 5
27 36 5
27 38 5
27 40 5
27 58 5
28 3 5
28 32 5
28 42 5
28 55 5
28 56 5
28 67 5
28 76 5
28 79 5
28 97 5
29 7 5
29 19 5
29 21 5
29 33 5
29 69 5
30 4 5
30 13 5
30 29 5
30 78 5
31 22 5
31 33 5
31 49 5
31 70 5
32 16 5
32 29 5
32 56 5
32 59 5
32 76 5
33 10 5
33 21 5
33 74 5
35 13 5
35 14 5
35 21 5
35 32 5
35 88 5
36 10 5
36 97 5
37 5 5
37 15 5
37 30 5
37 42 5
37 43 5
37 87 5
38 5 5
38 11 5
38 27 5
38 52 5
38 64 5
38 68 5
38 70 5
38 94 5
38 96 5
39 17 5
39 25 5
39 31 5
39 45 5
39 57 5
39 61 5
39 97 5
40 12 5
40 43 5
40 60 5
40 76 5
40 78 5
41 31 5
41 40 5
41 76 5
42 22 5
42 53 5
42 55 5
42 99 5
43 30 5
43 42 5
43 47 5
43 88 5
43 95 5
44 18 5
44 25 5
44 35 5
44 47 5
44 61 5
44 80 5
45 7 5
45 17 5
46 17 5
46 71 5
47 10 5
48 49 5
48 60 5
48 63 5
48 72 5
49 4 5
49 6 5
49 25 5
49 30 5
49 33 5
49 89 5
50 25 5
50 31 5
50 57 5
50 92 5
51 5 5
51 24 5
51 34 5
51 74 5
52 26 5
52 65 5
52 68 5
52 86 5
52 89 5
52 96 5
53 9 5
53 14 5
53 48 5
53 55 5
53 96 5
53 97 5
54 24 5
54 39 5
54 82 5
54 89 5
55 1 5
55 72 5
56 4 5
56 7 5
56 8 5
56 11 5
56 12 5
56 22 5
56 38 5
56 66 5
56 73 5
56 78 5
56 88 5
56 93 5
57 13 5
57 14 5
57 44 5
57 49 5
57 51 5
57 68 5
57 69 5
57 70 5
57 74 5
58 32 5
58 45 5
58 62 5
58 84 5
58 88 5
59 13 5
59 17 5
59 33 5
59 49 5
59 56 5
59 71 5
59 72 5
59 82 5
59 84 5
59 92 5
60 12 5
60 17 5
60 54 5
60 59 5
60 91 5
60 92 5
61 10 5
61 12 5
61 16 5
61 32 5
61 80 5
61 86 5
62 2 5
62 5 5
62 42 5
62 74 5
62 78 5
62 100 5
63 14 5
63 35 5
63 39 5
63 52 5
63 65 5
63 72 5
63 75 5
64 15 5
64 80 5
64 99 5
65 42 5
65 57 5
65 89 5
65 91 5
66 3 5
66 15 5
66 36 5
66 46 5
66 72 5
66 80 5
67 23 5
67 27 5
67 37 5
67 50 5
67 71 5
68 39 5
68 67 5
68 78 5
68 83 5
69 74 5
69 89 5
69 92 5
69 98 5
70 15 5
70 34 5
70 37 5
70 71 5
70 73 5
71 29 5
71 35 5
71 72 5
71 94 5
72 19 5
72 67 5
72 73 5
73 62 5
73 64 5
73 89 5
73 99 5
74 9 5
74 40 5
74 51 5
74 68 5
74 98 5
75 13 5
76 4 5
76 48 5
76 51 5
76 79 5
76 89 5
76 98 5
77 64 5
78 14 5
78 25 5
78 58 5
78 72 5
79 22 5
79 52 5
79 58 5
79 94 5
80 12 5
80 17 5
80 24 5
80 64 5
80 81 5
81 58 5
81 96 5
82 87 5
83 8 5
83 26 5
83 36 5
83 100 5
84 19 5
84 21 5
84 36 5
84 42 5
84 48 5
84 62 5
84 67 5
84 81 5
84 83 5
84 85 5
85 5 5
85 11 5
85 20 5
85 37 5
85 38 5
85 47 5
85 57 5
86 4 5
86 15 5
86 24 5
86 28 5
86 49 5
87 8 5
87 30 5
87 31 5
87 37 5
88 10 5
88 26 5
88 27 5
88 73 5
88 76 5
89 25 5
89 26 5
89 36 5
89 77 5
90 13 5
90 55 5
90 77 5
91 3 5
91 17 5
91 29 5
91 92 5
91 96 5
92 35 5
92 60 5
93 23 5
93 26 5
93 37 5
93 43 5
93 68 5
94 11 5
94 31 5
94 42 5
94 45 5
94 50 5
94 57 5
95 39 5
95 41 5
95 86 5
95 89 5
95 97 5
95 98 5
96 8 5
96 46 5
96 69 5
96 77 5
96 81 5
96 89 5
97 20 5
97 55 5
97 93 5
98 38 5
98 62 5
98 89 5
99 50 5
99 55 5
100 9 5
100 23 5
100 55 5
1 24 6
1 28 6
1 31 6
1 45 6
1 70 6
2 56 6
2 67 6
2 71 6
2 79 6
3 11 6
3 47 6
3 68 6
3 75 6
4 5 6
4 16 6
4 31 6
4 45 6
4 66 6
4 84 6
4 96 6
5 19 6
5 46 6
5 64 6
5 77 6
6 9 6
6 15 6
6 20 6
6 40 6
6 79 6
6 93 6
7 34 6
7 56 6
7 62 6
7 74 6
7 76 6
7 91 6
8 2 6
8 69 6
8 73 6
8 82 6
8 98 6
9 14 6
9 23 6
9 44 6
9 64 6
9 90 6
9 92 6
10 11 6
10 21 6
10 22 6
10 26 6
10 50 6
10 88 6
10 89 6
10 93 6
10 94 6
11 12 6
11 24 6
11 72 6
11 83 6
11 94 6
12 9 6
12 32 6
12 43 6
12 74 6
13 7 6
13 11 6
13 24 6
13 29 6
13 42 6
13 51 6
13 65 6
13 93 6
14 71 6
14 79 6
14 96 6
15 6 6
15 10 6
15 25 6
15 53 6
15 89 6
16 11 6
16 15 6
16 30 6
16 33 6
16 64 6
16 80 6
16 86 6
16 93 6
17 27 6
17 40 6
17 46 6
17 77 6
18 33 6
18 56 6
18 63 6
18 64 6
19 23 6
19 33 6
19 93 6
20 16 6
20 31 6
20 41 6
20 60 6
20 85 6
22 11 6
22 31 6
22 51 6
23 27 6
23 40 6
23 70 6
23 87 6
23 93 6
24 5 6
24 16 6
24 36 6
24 41 6
24 46 6
24 49 6
24 91 6
25 32 6
25 44 6
25 60 6
25 68 6
25 76 6
26 30 6
26 37 6
26 65 6
26 71 6
26 74 6
26 80 6
26 95 6
27 6 6
27 12 6
27 19 6
27 22 6
27 24 6
27 26 6
27 46 6
27 62 6
27 68 6
28 37 6
28 50 6
29 9 6
29 24 6
29 56 6
29 64 6
29 75 6
29 78 6
29 82 6
30 28 6
30 50 6
30 70 6
30 75 6
30 89 6
31 21 6
31 54 6
31 73 6
32 13 6
32 25 6
32 57 6
32 61 6
32 84 6
32 97 6
33 17 6
33 19 6
33 31 6
33 56 6
34 27 6
34 44 6
34 47 6
34 66 6
34 83 6
34 92 6
34 97 6
35 6 6
35 22 6
35 46 6
35 65 6
35 84 6
35 100 6
36 4 6
36 11 6
36 16 6
36 43 6
37 35 6
37 53 6
37 60 6
37 82 6
37 83 6
37 90 6
38 15 6
38 17 6
38 20 6
38 37 6
38 45 6
38 47 6
38 49 6
38 67 6
38 91 6
39 33 6
39 54 6
39 73 6
39 75 6
39 78 6
39 88 6
40 22 6
40 54 6
40 63 6
41 7 6
41 10 6
41 55 6
41 57 6
41 71 6
41 78 6
41 83 6
41 88 6
42 2 6
42 9 6
42 40 6
42 54 6
42 68 6
42 96 6
43 7 6
43 20 6
43 93 6
43 100 6
44 46 6
44 54 6
44 57 6
44 91 6
44 100 6
45 3 6
45 13 6
45 19 6
45 49 6
45 63 6
45 68 6
45 71 6
45 73 6
45 78 6
46 14 6
46 67 6
46 69 6
46 73 6
46 80 6
46 99 6
47 6 6
47 51 6
47 54 6
47 91 6
47 95 6
48 22 6
48 24 6
48 26 6
48 46 6
48 54 6
48 55 6
49 9 6
49 12 6
49 18 6
49 37 6
49 42 6
49 52 6
49 72 6
49 74 6
50 8 6
50 17 6
50 20 6
50 53 6
50 73 6
50 81 6
51 3 6
51 33 6
51 52 6
52 2 6
52 15 6
52 25 6
52 43 6
52 73 6
53 56 6
53 65 6
53 69 6
54 9 6
54 40 6
54 45 6
54 62 6
54 75 6
54 90 6
54 100 6
55 22 6
55 24 6
55 30 6
55 39 6
55 44 6
55 64 6
55 85 6
56 10 6
56 33 6
56 55 6
57 5 6
57 7 6
57 20 6
57 26 6
57 41 6
57 52 6
57 61 6
57 64 6
57 67 6
58 8 6
58 52 6
58 91 6
59 18 6
59 19 6
59 42 6
59 52 6
59 83 6
59 94 6
60 1 6
60 15 6
60 36 6
60 45 6
60 57 6
60 70 6
60 86 6
60 94 6
61 15 6
61 22 6
61 45 6
61 49 6
61 54 6
61 97 6
62 20 6
62 49 6
62 54 6
62 61 6
62 90 6
63 87 6
63 93 6
64 1 6
64 29 6
64 32 6
64 42 6
64 58 6
64 66 6
64 68 6
64 76 6
65 4 6
65 12 6
65 19 6
65 28 6
65 31 6
65 40 6
65 93 6
66 2 6
66 34 6
66 62 6
66 67 6
66 68 6
66 83 6
67 7 6
67 8 6
67 44 6
67 55 6
67 56 6
67 74 6
67 77 6
68 2 6
68 15 6
68 42 6
68 66 6
69 22 6
69 54 6
69 77 6
69 84 6
70 12 6
70 53 6
70 55 6
70 69 6
71 27 6
71 49 6
71 56 6
71 59 6
71 61 6
71 62 6
71 79 6
72 34 6
72 45 6
72 48 6
72 49 6
72 76 6
73 16 6
73 22 6
73 23 6
73 46 6
73 57 6
73 90 6
73 97 6
74 3 6
74 8 6
74 14 6
74 45 6
74 61 6
74 63 6
74 83 6
74 93 6
75 10 6
75 27 6
75 36 6
75 58 6
75 64 6
75 72 6
75 100 6
76 6 6
76 14 6
76 23 6
76 24 6
76 34 6
77 12 6
77 78 6
78 37 6
78 60 6
78 71 6
79 18 6
79 23 6
79 69 6
80 2 6
80 16 6
80 32 6
80 62 6
80 74 6
80 78 6
81 10 6
81 21 6
81 23 6
81 26 6
81 36 6
81 40 6
81 52 6
82 37 6
82 52 6
82 53 6
82 79 6
83 1 6
83 4 6
83 9 6
83 19 6
83 25 6
83 46 6
83 60 6
83 73 6
84 2 6
84 38 6
84 53 6
85 6 6
85 9 6
85 19 6
85 75 6
86 2 6
86 10 6
86 30 6
86 31 6
86 34 6
86 81 6
87 3 6
87 15 6
87 35 6
87 40 6
87 51 6
87 65 6
87 86 6
88 5 6
88 25 6
88 59 6
88 64 6
88 95 6
89 16 6
89 54 6
89 66 6
89 99 6
90 25 6
90 31 6
90 37 6
90 40 6
90 49 6
90 73 6
90 79 6
90 88 6
91 34 6
91 46 6
91 47 6
91 83 6
91 97 6
92 25 6
92 26 6
92 46 6
92 67 6
92 76 6
92 89 6
92 91 6
93 4 6
93 11 6
93 28 6
93 53 6
93 91 6
94 86 6
94 87 6
94 89 6
95 28 6
95 36 6
95 65 6
96 27 6
96 34 6
96 55 6
96 68 6
96 72 6
96 82 6
97 3 6
97 11 6
97 16 6
97 39 6
97 41 6
97 80 6
98 13 6
98 26 6
98 74 6
98 77 6
99 9 6
100 1 6
100 15 6
100 53 6
1 2 7
1 4 7
1 7 7
1 19 7
1 27 7
1 42 7
1 67 7
1 87 7
2 25 7
2 29 7
2 46 7
2 72 7
2 97 7
3 16 7
3 17 7
3 18 7
3 33 7
3 45 7
3 95 7
4 28 7
4 48 7
4 52 7
4 75 7
5 6 7
5 71 7
5 79 7
5 85 7
5 96 7
6 18 7
6 42 7
7 4 7
7 8 7
7 27 7
7 35 7
7 36 7
7 54 7
7 94 7
8 7 7
8 11 7
8 40 7
8 42 7
8 46 7
8 54 7
8 90 7
8 94 7
9 26 7
9 40 7
9 45 7
9 52 7
9 54 7
9 72 7
9 73 7
9 85 7
10 13 7
10 70 7
10 78 7
11 51 7
11 56 7
11 81 7
12 11 7
12 16 7
12 17 7
12 19 7
12 20 7
12 22 7
12 40 7
12 68 7
12 92 7
13 23 7
13 41 7
14 12 7
14 17 7
14 19 7
14 22 7
14 24 7
14 27 7
14 36 7
14 68 7
14 91 7
14 94 7
15 5 7
15 35 7
15 66 7
15 96 7
16 1 7
16 29 7
16 46 7
16 47 7
16 52 7
16 54 7
16 68 7
16 69 7
17 10 7
17 12 7
17 39 7
17 44 7
17 55 7
17 56 7
17 58 7
17 59 7
17 66 7
18 23 7
18 57 7
18 67 7
18 81 7
19 30 7
19 40 7
19 68 7
20 22 7
20 32 7
20 40 7
20 43 7
20 51 7
20 65 7
21 8 7
21 14 7
21 16 7
21 27 7
21 41 7
21 80 7
21 97 7
21 98 7
22 1 7
22 16 7
22 30 7
22 74 7
22 86 7
22 97 7
23 20 7
23 61 7
23 68 7
24 22 7
24 50 7
24 58 7
24 65 7
24 88 7
25 9 7
25 47 7
25 78 7
25 94 7
26 1 7
26 2 7
26 32 7
26 33 7
26 83 7
27 41 7
27 63 7
27 73 7
27 90 7
27 95 7
28 24 7
28 46 7
28 73 7
28 75 7
29 84 7
29 86 7
29 87 7
30 41 7
30 66 7
30 82 7
30 84 7
31 12 7
32 2 7
32 11 7
32 44 7
32 46 7
32 47 7
32 80 7
32 81 7
32 86 7
32 98 7
33 6 7
33 9 7
33 28 7
33 34 7
33 47 7
33 49 7
33 67 7
33 75 7
33 77 7
33 96 7
34 8 7
34 40 7
34 56 7
34 84 7
34 93 7
35 8 7
35 12 7
35 17 7
35 38 7
35 48 7
35 57 7
35 70 7
35 91 7
35 94 7
36 7 7
36 17 7
36 18 7
36 25 7
36 99 7
37 20 7
37 28 7
37 63 7
38 18 7
38 51 7
38 56 7
38 58 7
38 79 7
38 98 7
39 3 7
39 58 7
39 64 7
39 67 7
39 81 7
39 90 7
39 99 7
40 9 7
41 3 7
41 37 7
41 86 7
42 3 7
42 4 7
42 85 7
43 1 7
43 16 7
43 96 7
44 1 7
44 5 7
44 13 7
44 29 7
44 48 7
44 63 7
44 81 7
45 28 7
45 30 7
45 51 7
45 70 7
45 74 7
45 85 7
45 88 7
45 95 7
46 1 7
46 39 7
46 42 7
46 64 7
46 81 7
46 97 7
47 17 7
47 20 7
47 60 7
47 61 7
47 81 7
48 12 7
48 18 7
48 34 7
48 64 7
49 1 7
49 2 7
49 24 7
49 36 7
49 43 7
49 46 7
50 13 7
50 16 7
50 68 7
51 25 7
51 89 7
51 100 7
52 23 7
52 39 7
52 58 7
53 8 7
53 13 7
53 23 7
53 29 7
53 36 7
53 51 7
54 8 7
54 11 7
54 26 7
54 59 7
54 69 7
54 80 7
54 84 7
55 8 7
55 11 7
55 12 7
55 63 7
55 81 7
55 82 7
55 89 7
56 2 7
56 19 7
56 23 7
56 65 7
57 23 7
57 54 7
57 77 7
57 85 7
58 4 7
58 18 7
58 21 7
58 59 7
58 76 7
58 77 7
59 46 7
59 64 7
59 70 7
60 3 7
60 30 7
60 63 7
60 74 7
61 2 7
61 26 7
61 48 7
61 59 7
62 14 7
62 25 7
62 55 7
62 93 7
62 99 7
63 36 7
63 54 7
63 58 7
64 5 7
64 7 7
64 35 7
64 75 7
65 33 7
65 55 7
65 56 7
65 88 7
66 64 7
66 95 7
66 99 7
67 6 7
67 31 7
67 46 7
67 70 7
68 24 7
68 33 7
68 45 7
68 49 7
68 63 7
68 73 7
69 1 7
70 2 7
70 30 7
70 35 7
70 38 7
70 47 7
70 54 7
70 81 7
70 82 7
70 83 7
71 3 7
71 9 7
71 10 7
71 15 7
71 23 7
71 43 7
71 45 7
71 84 7
71 95 7
72 68 7
73 4 7
73 37 7
73 80 7
74 7 7
74 17 7
74 30 7
74 99 7
75 7 7
75 9 7
75 33 7
75 83 7
75 91 7
75 96 7
75 97 7
76 1 7
76 22 7
76 42 7
76 50 7
76 54 7
76 96 7
77 80 7
78 35 7
78 53 7
78 92 7
79 55 7
79 73 7
79 78 7
80 4 7
80 15 7
80 25 7
81 9 7
81 25 7
81 46 7
81 49 7
81 69 7
81 79 7
81 84 7
81 90 7
81 91 7
81 98 7
82 34 7
82 48 7
82 54 7
82 57 7
82 59 7
82 75 7
82 77 7
82 86 7
83 17 7
83 20 7
83 21 7
83 23 7
83 44 7
83 48 7
83 63 7
83 66 7
83 91 7
83 92 7
84 7 7
84 32 7
84 41 7
84 49 7
84 50 7
84 93 7
84 98 7
85 16 7
85 24 7
85 32 7
85 51 7
85 73 7
86 3 7
86 35 7
86 41 7
86 79 7
86 93 7
87 1 7
87 33 7
87 63 7
87 98 7
88 1 7
88 22 7
88 50 7
88 91 7
89 19 7
89 49 7
89 65 7
89 69 7
89 70 7
89 97 7
89 98 7
90 21 7
90 22 7
90 32 7
90 43 7
90 58 7
90 93 7
91 22 7
91 27 7
91 32 7
91 41 7
91 44 7
91 48 7
91 68 7
91 69 7
91 71 7
91 74 7
91 90 7
92 10 7
92 40 7
92 55 7
92 68 7
93 15 7
93 46 7
93 62 7
94 1 7
94 13 7
94 37 7
94 43 7
94 46 7
94 54 7
94 56 7
94 59 7
94 75 7
95 13 7
95 43 7
95 71 7
96 7 7
96 22 7
96 29 7
96 62 7
97 5 7
97 19 7
97 24 7
97 36 7
97 81 7
97 99 7
97 100 7
98 28 7
98 42 7
98 63 7
98 82 7
98 95 7
99 4 7
99 11 7
99 19 7
99 56 7
99 75 7
99 76 7
100 5 7
100 76 7
1 3 8
1 8 8
1 36 8
1 37 8
1 44 8
1 100 8
2 19 8
2 27 8
2 32 8
2 57 8
2 70 8
2 84 8
2 95 8
2 99 8
3 12 8
3 43 8
3 49 8
3 63 8
3 78 8
3 82 8
3 87 8
4 6 8
4 19 8
4 21 8
4 26 8
4 37 8
4 40 8
4 50 8
4 54 8
4 86 8
5 14 8
5 70 8
6 12 8
6 50 8
6 57 8
7 15 8
7 29 8
7 50 8
7 55 8
7 70 8
7 87 8
7 89 8
7 96 8
8 4 8
8 35 8
8 70 8
8 97 8
9 50 8
9 51 8
9 65 8
9 77 8
10 65 8
10 76 8
11 15 8
11 28 8
11 33 8
11 54 8
11 59 8
11 69 8
11 76 8
12 6 8
12 33 8
12 59 8
12 72 8
12 83 8
13 19 8
13 95 8
14 72 8
14 93 8
15 61 8
15 74 8
16 10 8
16 66 8
16 73 8
16 76 8
17 1 8
17 6 8
17 7 8
17 30 8
17 97 8
18 59 8
18 72 8
18 82 8
19 21 8
19 53 8
19 72 8
19 94 8
20 29 8
20 52 8
20 88 8
20 91 8
20 92 8
21 1 8
21 4 8
21 24 8
21 31 8
21 40 8
21 95 8
21 99 8
22 29 8
22 82 8
22 84 8
23 12 8
23 43 8
23 75 8
23 92 8
23 99 8
24 9 8
24 10 8
24 32 8
24 44 8
24 61 8
24 71 8
25 39 8
25 42 8
25 79 8
26 6 8
26 23 8
26 38 8
26 56 8
26 73 8
26 92 8
27 21 8
27 74 8
27 79 8
27 98 8
28 2 8
28 5 8
28 11 8
28 33 8
28 60 8
29 12 8
29 32 8
29 50 8
29 96 8
30 71 8
30 77 8
31 23 8
31 57 8
31 65 8
31 84 8
32 26 8
32 45 8
32 55 8
33 1 8
33 4 8
33 22 8
33 24 8
33 30 8
33 39 8
33 90 8
33 92 8
34 1 8
34 45 8
34 50 8
34 67 8
34 81 8
34 85 8
35 16 8
35 58 8
35 67 8
35 71 8
35 83 8
36 6 8
36 12 8
36 23 8
36 34 8
36 49 8
36 60 8
36 66 8
36 76 8
36 94 8
37 36 8
37 40 8
37 55 8
37 77 8
38 4 8
38 6 8
38 25 8
38 35 8
38 40 8
38 41 8
38 82 8
39 8 8
39 11 8
39 13 8
39 16 8
39 28 8
39 40 8
39 41 8
40 18 8
40 28 8
40 39 8
40 71 8
41 15 8
41 38 8
41 73 8
42 11 8
42 50 8
42 52 8
43 8 8
43 9 8
43 13 8
43 17 8
43 35 8
43 39 8
43 48 8
43 74 8
43 89 8
44 19 8
44 20 8
44 41 8
44 59 8
44 72 8
44 92 8
44 94 8
45 5 8
45 8 8
45 31 8
45 40 8
45 77 8
46 29 8
46 38 8
46 51 8
46 83 8
47 29 8
47 37 8
47 38 8
47 42 8
47 80 8
47 87 8
47 89 8
48 5 8
48 90 8
48 100 8
49 57 8
49 64 8
49 94 8
50 23 8
50 38 8
50 98 8
51 1 8
51 27 8
51 30 8
51 43 8
51 46 8
51 49 8
51 68 8
51 92 8
52 14 8
52 37 8
52 46 8
52 84 8
52 93 8
53 4 8
53 10 8
53 19 8
53 35 8
53 54 8
53 61 8
53 75 8
53 81 8
53 87 8
53 95 8
54 16 8
54 58 8
55 3 8
55 18 8
55 40 8
55 73 8
55 80 8
55 86 8
56 3 8
56 57 8
56 62 8
56 69 8
56 75 8
56 95 8
56 96 8
56 99 8
57 28 8
57 29 8
57 63 8
57 90 8
57 94 8
58 54 8
58 61 8
58 73 8
58 79 8
59 11 8
59 31 8
59 32 8
59 39 8
59 41 8
59 75 8
59 87 8
60 22 8
60 40 8
60 48 8
60 62 8
61 7 8
61 40 8
61 78 8
62 26 8
62 50 8
62 76 8
62 80 8
63 4 8
63 15 8
63 66 8
63 76 8
63 81 8
64 13 8
64 22 8
64 33 8
64 52 8
64 88 8
65 20 8
65 27 8
65 62 8
65 66 8
66 16 8
66 23 8
66 27 8
67 62 8
67 84 8
68 29 8
68 70 8
68 75 8
68 85 8
69 8 8
69 18 8
69 20 8
69 35 8
69 46 8
69 83 8
70 6 8
70 7 8
70 76 8
70 97 8
71 2 8
71 26 8
71 32 8
71 67 8
72 30 8
72 39 8
72 59 8
72 89 8
73 7 8
73 17 8
73 25 8
73 30 8
73 36 8
73 45 8
73 47 8
73 68 8
73 83 8
73 84 8
74 16 8
74 44 8
74 58 8
74 91 8
75 2 8
75 20 8
75 28 8
75 39 8
75 44 8
75 45 8
75 98 8
76 9 8
76 15 8
76 21 8
76 27 8
76 43 8
76 53 8
76 67 8
76 72 8
76 77 8
76 90 8
77 3 8
77 18 8
77 24 8
77 92 8
78 45 8
78 63 8
79 5 8
79 10 8
79 54 8
79 56 8
79 57 8
79 93 8
79 96 8
80 19 8
80 33 8
80 49 8
80 56 8
80 60 8
80 69 8
80 76 8
80 97 8
81 19 8
81 63 8
81 70 8
81 82 8
82 27 8
82 32 8
82 63 8
82 69 8
82 78 8
82 85 8
82 92 8
83 12 8
83 14 8
83 31 8
83 38 8
83 41 8
84 9 8
84 31 8
85 17 8
85 92 8
86 17 8
86 27 8
86 38 8
86 40 8
86 54 8
86 71 8
87 9 8
87 10 8
87 52 8
87 75 8
87 79 8
87 91 8
87 100 8
88 32 8
88 56 8
88 58 8
88 81 8
89 5 8
89 18 8
89 24 8
89 33 8
89 39 8
89 83 8
90 75 8
90 76 8
90 99 8
90 100 8
91 20 8
91 33 8
91 55 8
91 72 8
91 93 8
92 5 8
92 6 8
92 33 8
92 48 8
92 63 8
93 2 8
93 13 8
93 38 8
93 39 8
93 67 8
94 9 8
94 21 8
94 40 8
94 63 8
94 66 8
94 84 8
95 4 8
95 6 8
95 10 8
95 12 8
95 67 8
96 10 8
96 21 8
96 41 8
97 23 8
97 27 8
97 47 8
97 63 8
97 68 8
98 41 8
98 44 8
98 52 8
98 56 8
98 91 8
99 8 8
99 13 8
99 16 8
99 18 8
99 25 8
99 57 8
99 68 8
99 78 8
99 86 8
99 93 8
99 97 8
100 16 8
100 19 8
100 28 8
100 47 8
100 69 8
100 84 8
1 9 9
1 14 9
1 22 9
1 23 9
1 25 9
1 40 9
1 66 9
1 95 9
2 18 9
2 20 9
2 22 9
2 31 9
2 40 9
2 41 9
2 69 9
3 15 9
3 23 9
3 30 9
3 80 9
4 20 9
4 41 9
5 3 9
5 22 9
5 49 9
5 73 9
6 33 9
6 43 9
6 59 9
6 60 9
6 68 9
6 85 9
6 86 9
6 91 9
7 20 9
7 21 9
7 48 9
7 58 9
7 85 9
8 56 9
9 5 9
9 47 9
9 63 9
9 66 9
9 82 9
10 29 9
10 37 9
10 46 9
10 55 9
10 57 9
10 81 9
11 9 9
11 20 9
11 30 9
11 32 9
12 13 9
12 23 9
12 37 9
12 56 9
12 65 9
12 71 9
12 84 9
13 17 9
13 18 9
13 36 9
13 54 9
13 57 9
13 58 9
13 59 9
13 82 9
13 87 9
14 1 9
14 4 9
14 5 9
14 18 9
14 61 9
14 66 9
14 74 9
14 88 9
14 97 9
14 100 9
15 39 9
16 17 9
16 26 9
16 38 9
16 40 9
16 51 9
16 61 9
16 79 9
16 85 9
16 90 9
16 95 9
17 32 9
17 81 9
18 21 9
18 39 9
18 54 9
18 79 9
18 89 9
19 9 9
19 16 9
19 22 9
19 29 9
19 37 9
19 58 9
19 80 9
19 92 9
20 28 9
20 33 9
20 48 9
20 54 9
20 70 9
20 90 9
21 10 9
21 26 9
21 38 9
21 53 9
21 88 9
21 93 9
22 2 9
22 3 9
22 10 9
22 23 9
22 32 9
22 36 9
22 41 9
22 45 9
22 70 9
22 72 9
22 88 9
22 96 9
23 1 9
23 4 9
23 32 9
23 39 9
23 82 9
24 34 9
24 66 9
24 74 9
24 81 9
25 6 9
25 19 9
25 64 9
26 64 9
26 90 9
26 97 9
27 15 9
27 31 9
27 33 9
27 93 9
27 99 9
28 10 9
28 43 9
28 63 9
29 2 9
29 20 9
30 8 9
30 39 9
30 44 9
30 59 9
30 83 9
30 85 9
30 96 9
31 7 9
31 43 9
31 46 9
31 51 9
31 93 9
32 31 9
32 68 9
32 69 9
32 77 9
32 87 9
32 90 9
33 40 9
33 41 9
33 48 9
33 61 9
33 87 9
33 88 9
33 94 9
33 95 9
34 4 9
34 5 9
34 14 9
34 25 9
34 38 9
34 73 9
34 77 9
35 42 9
35 54 9
35 73 9
35 74 9
35 86 9
35 93 9
36 30 9
36 57 9
36 96 9
37 18 9
37 34 9
37 51 9
37 67 9
37 86 9
37 97 9
37 99 9
38 32 9
38 44 9
38 48 9
38 72 9
38 99 9
39 19 9
39 98 9
39 100 9
40 2 9
40 23 9
40 29 9
40 74 9
40 80 9
41 27 9
41 35 9
41 45 9
41 49 9
41 51 9
41 52 9
41 54 9
41 58 9
42 13 9
42 39 9
42 41 9
42 82 9
42 88 9
42 94 9
42 97 9
43 27 9
43 40 9
43 50 9
43 77 9
44 9 9
44 17 9
44 43 9
44 51 9
44 84 9
45 1 9
45 62 9
46 15 9
46 35 9
46 40 9
46 44 9
46 90 9
46 95 9
47 45 9
47 46 9
47 63 9
47 73 9
48 33 9
48 65 9
48 99 9
49 14 9
49 76 9
49 78 9
49 93 9
50 15 9
50 36 9
50 43 9
50 44 9
50 47 9
50 52 9
50 66 9
50 71 9
50 79 9
51 12 9
51 35 9
51 41 9
51 54 9
51 80 9
51 93 9
52 5 9
52 21 9
52 51 9
52 88 9
53 6 9
53 42 9
53 70 9
53 72 9
53 85 9
54 4 9
54 35 9
54 41 9
54 60 9
54 67 9
54 81 9
54 86 9
54 96 9
55 27 9
55 29 9
55 56 9
55 77 9
55 83 9
55 95 9
56 5 9
56 13 9
56 15 9
56 27 9
56 28 9
56 44 9
56 48 9
56 90 9
57 9 9
57 22 9
57 37 9
57 91 9
57 99 9
58 3 9
58 35 9
58 49 9
58 72 9
58 92 9
58 97 9
59 2 9
59 37 9
59 38 9
59 73 9
59 90 9
60 13 9
60 14 9
60 16 9
60 32 9
60 73 9
61 3 9
61 47 9
61 89 9
62 18 9
62 30 9
62 59 9
62 75 9
63 8 9
63 23 9
63 33 9
63 46 9
63 69 9
63 80 9
64 2 9
64 14 9
64 28 9
64 53 9
64 91 9
65 9 9
65 10 9
65 14 9
65 21 9
65 25 9
65 94 9
65 99 9
66 45 9
66 49 9
66 82 9
66 98 9
67 9 9
67 32 9
67 34 9
68 30 9
69 34 9
69 79 9
70 24 9
70 39 9
70 84 9
71 7 9
71 38 9
71 63 9
71 87 9
72 17 9
72 21 9
72 81 9
72 82 9
72 86 9
72 90 9
73 51 9
74 39 9
74 60 9
74 67 9
74 72 9
75 21 9
75 32 9
75 55 9
75 57 9
75 67 9
75 92 9
76 49 9
77 84 9
77 86 9
77 100 9
78 38 9
78 50 9
78 69 9
78 94 9
79 26 9
79 72 9
79 91 9
80 59 9
81 17 9
81 20 9
81 33 9
81 48 9
81 94 9
82 5 9
82 9 9
82 13 9
82 25 9
82 26 9
82 91 9
83 56 9
83 59 9
83 64 9
83 69 9
84 15 9
84 22 9
84 46 9
84 55 9
84 63 9
84 68 9
85 30 9
85 44 9
85 64 9
85 86 9
85 100 9
86 6 9
86 9 9
86 13 9
86 39 9
86 77 9
86 89 9
86 94 9
87 44 9
87 45 9
87 82 9
87 83 9
87 93 9
87 96 9
87 99 9
88 3 9
88 15 9
88 28 9
88 35 9
88 71 9
88 94 9
88 96 9
89 29 9
89 31 9
89 44 9
89 47 9
89 72 9
89 86 9
89 93 9
90 1 9
90 23 9
90 34 9
90 65 9
90 80 9
90 85 9
91 8 9
91 12 9
91 18 9
91 42 9
91 56 9
91 87 9
92 3 9
92 8 9
92 54 9
92 65 9
93 5 9
93 19 9
93 35 9
93 69 9
93 83 9
93 90 9
93 96 9
94 5 9
94 53 9
95 5 9
95 15 9
95 37 9
95 57 9
95 60 9
95 93 9
96 3 9
96 18 9
96 26 9
96 39 9
96 74 9
96 91 9
97 37 9
97 96 9
98 33 9
98 60 9
98 61 9
98 78 9
98 84 9
98 93 9
99 59 9
100 13 9
100 46 9
100 54 9
100 79 9
100 94 9
1 41 10
1 43 10
1 53 10
1 63 10
1 81 10
2 4 10
2 13 10
2 48 10
2 55 10
2 76 10
2 92 10
3 5 10
3 46 10
3 57 10
3 71 10
3 76 10
4 38 10
4 58 10
4 59 10
4 91 10
5 7 10
5 27 10
5 32 10
5 38 10
5 44 10
5 50 10
5 54 10
5 55 10
5 59 10
5 86 10
6 19 10
6 65 10
6 72 10
6 80 10
7 32 10
7 53 10
7 61 10
7 84 10
8 26 10
8 30 10
8 45 10
8 76 10
8 85 10
9 28 10
9 29 10
9 80 10
9 95 10
10 8 10
10 15 10
10 27 10
10 34 10
10 64 10
10 90 10
10 97 10
10 98 10
11 22 10
11 46 10
12 3 10
12 7 10
12 24 10
12 64 10
12 70 10
12 76 10
12 100 10
13 16 10
13 21 10
13 46 10
13 53 10
13 68 10
13 76 10
13 99 10
14 11 10
14 28 10
14 32 10
14 44 10
14 92 10
15 18 10
15 34 10
15 38 10
15 55 10
15 59 10
15 68 10
16 62 10
16 65 10
16 77 10
17 25 10
17 54 10
17 63 10
17 78 10
17 80 10
17 89 10
18 9 10
18 32 10
18 87 10
18 97 10
19 10 10
19 13 10
19 38 10
19 39 10
19 49 10
19 70 10
19 76 10
19 79 10
19 85 10
19 87 10
19 99 10
20 19 10
20 42 10
20 55 10
20 83 10
21 15 10
21 17 10
21 19 10
21 36 10
21 58 10
21 82 10
21 92 10
22 18 10
22 38 10
22 39 10
22 55 10
22 66 10
22 90 10
22 95 10
23 13 10
23 18 10
23 66 10
24 4 10
24 19 10
24 27 10
24 89 10
25 41 10
25 48 10
25 50 10
25 51 10
25 81 10
25 97 10
26 18 10
26 35 10
26 78 10
26 100 10
27 5 10
27 9 10
27 35 10
27 70 10
28 26 10
28 30 10
28 38 10
28 52 10
28 54 10
28 61 10
28 93 10
29 23 10
29 26 10
29 44 10
29 97 10
30 23 10
31 18 10
31 24 10
31 35 10
31 38 10
31 41 10
31 68 10
31 90 10
32 36 10
33 59 10
33 76 10
33 93 10
34 18 10
34 20 10
34 24 10
34 35 10
34 52 10
34 72 10
35 4 10
35 49 10
35 60 10
35 68 10
35 76 10
36 14 10
36 51 10
36 61 10
36 92 10
36 93 10
37 33 10
37 56 10
37 78 10
37 94 10
38 30 10
38 43 10
38 61 10
38 63 10
38 80 10
39 12 10
39 14 10
39 20 10
39 62 10
39 68 10
39 85 10
40 10 10
40 11 10
40 30 10
40 65 10
40 85 10
40 94 10
41 4 10
41 9 10
41 12 10
41 47 10
41 53 10
41 82 10
41 100 10
42 8 10
42 60 10
42 70 10
43 2 10
43 14 10
43 38 10
43 58 10
43 61 10
43 71 10
44 21 10
44 56 10
44 64 10
44 85 10
45 18 10
45 33 10
45 37 10
45 48 10
45 53 10
45 83 10
46 5 10
46 26 10
46 86 10
47 12 10
47 30 10
47 56 10
47 74 10
47 77 10
48 19 10
48 28 10
48 37 10
48 47 10
48 79 10
49 20 10
49 39 10
49 71 10
49 85 10
50 4 10
50 26 10
50 29 10
50 49 10
50 62 10
50 89 10
50 93 10
50 99 10
51 6 10
51 50 10
51 64 10
51 65 10
51 76 10
51 88 10
52 20 10
52 85 10
53 43 10
53 76 10
54 44 10
54 93 10
54 95 10
56 26 10
56 32 10
56 80 10
56 92 10
57 2 10
57 16 10
57 65 10
57 76 10
57 79 10
58 1 10
58 7 10
58 69 10
58 96 10
59 4 10
59 20 10
59 22 10
59 27 10
59 34 10
59 44 10
59 54 10
59 100 10
60 10 10
60 20 10
60 25 10
60 47 10
60 56 10
61 23 10
61 33 10
61 64 10
61 70 10
61 73 10
61 74 10
62 10 10
62 15 10
62 66 10
62 73 10
62 98 10
63 30 10
63 34 10
63 73 10
63 77 10
63 78 10
64 6 10
64 45 10
64 47 10
64 72 10
65 13 10
65 54 10
65 81 10
66 85 10
67 17 10
67 38 10
67 43 10
68 21 10
68 36 10
68 38 10
68 41 10
68 61 10
68 72 10
68 74 10
69 23 10
69 59 10
69 66 10
69 67 10
69 91 10
70 27 10
70 52 10
70 91 10
71 11 10
71 13 10
71 41 10
71 74 10
71 82 10
71 88 10
72 4 10
72 31 10
72 36 10
72 52 10
72 60 10
72 61 10
72 64 10
72 65 10
72 85 10
72 87 10
72 99 10
73 32 10
73 33 10
73 53 10
73 85 10
74 29 10
74 37 10
74 50 10
74 62 10
74 82 10
74 95 10
75 16 10
75 49 10
75 68 10
75 85 10
75 93 10
75 99 10
76 12 10
76 99 10
77 30 10
77 38 10
77 82 10
77 83 10
77 98 10
78 1 10
78 2 10
78 6 10
78 12 10
78 15 10
78 32 10
78 56 10
78 88 10
79 8 10
79 32 10
80 31 10
80 47 10
80 86 10
80 90 10
80 95 10
81 15 10
81 18 10
81 75 10
81 86 10
82 76 10
82 84 10
83 29 10
83 35 10
83 65 10
83 76 10
84 8 10
84 17 10
84 23 10
84 26 10
84 39 10
84 44 10
84 64 10
84 89 10
84 100 10
85 2 10
85 10 10
85 55 10
85 89 10
86 12 10
86 48 10
86 52 10
86 56 10
86 70 10
87 27 10
87 43 10
87 72 10
87 74 10
88 65 10
88 74 10
89 27 10
89 34 10
89 46 10
89 50 10
89 91 10
90 5 10
90 15 10
90 46 10
90 48 10
90 51 10
90 98 10
91 65 10
91 66 10
91 75 10
92 1 10
92 30 10
92 41 10
92 62 10
92 85 10
92 94 10
93 27 10
93 36 10
93 52 10
93 73 10
93 75 10
93 84 10
94 28 10
94 30 10
94 51 10
94 64 10
94 73 10
94 77 10
94 83 10
95 32 10
95 47 10
95 66 10
96 9 10
96 47 10
96 49 10
96 60 10
96 80 10
96 94 10
97 1 10
97 4 10
97 28 10
97 58 10
97 69 10
97 85 10
98 18 10
98 32 10
98 45 10
98 46 10
98 54 10
98 58 10
98 59 10
98 92 10
99 26 10
99 35 10
99 39 10
99 44 10
99 85 10
99 87 10
100 26 10
100 38 10
100 48 10
100 49 10
100 51 10
100 83 10
100 92 10
100 96 10
1 62 11
1 78 11
1 96 11
2 23 11
2 33 11
2 52 11
2 87 11
3 32 11
3 38 11
3 41 11
3 59 11
3 79 11
3 85 11
3 86 11
3 93 11
3 97 11
3 98 11
4 27 11
4 69 11
4 79 11
5 28 11
5 57 11
5 87 11
5 88 11
5 91 11
5 93 11
6 2 11
7 51 11
7 60 11
7 81 11
7 90 11
7 92 11
7 93 11
7 100 11
8 22 11
8 37 11
8 87 11
8 96 11
9 38 11
9 76 11
9 88 11
10 14 11
10 18 11
10 24 11
10 32 11
10 69 11
10 77 11
10 83 11
10 84 11
12 62 11
12 63 11
13 3 11
13 28 11
13 33 11
13 67 11
13 79 11
13 88 11
13 91 11
14 15 11
14 56 11
14 69 11
15 32 11
15 41 11
15 45 11
15 46 11
15 48 11
15 49 11
15 50 11
15 54 11
15 71 11
15 99 11
16 4 11
16 12 11
16 49 11
16 82 11
16 87 11
17 14 11
17 28 11
17 48 11
17 50 11
17 70 11
17 86 11
17 96 11
17 98 11
18 2 11
18 17 11
18 88 11
18 98 11
19 4 11
19 67 11
19 69 11
19 73 11
19 77 11
19 88 11
20 39 11
21 6 11
21 25 11
21 34 11
21 51 11
21 65 11
21 74 11
22 52 11
22 53 11
22 56 11
22 59 11
22 81 11
23 22 11
23 26 11
23 60 11
23 64 11
23 67 11
23 85 11
24 7 11
24 14 11
24 23 11
24 48 11
24 70 11
24 72 11
24 75 11
25 5 11
25 22 11
25 24 11
25 53 11
25 89 11
26 17 11
26 36 11
26 69 11
27 8 11
27 28 11
27 39 11
27 50 11
27 80 11
27 91 11
28 1 11
28 8 11
28 15 11
28 36 11
28 100 11
29 14 11
29 42 11
29 63 11
29 66 11
29 73 11
30 19 11
30 20 11
30 54 11
30 98 11
31 19 11
31 42 11
31 55 11
31 67 11
31 77 11
31 79 11
32 7 11
32 21 11
33 12 11
33 16 11
33 83 11
34 9 11
34 21 11
34 22 11
34 29 11
34 58 11
34 70 11
34 89 11
34 95 11
35 5 11
35 34 11
35 44 11
35 50 11
35 63 11
36 32 11
36 35 11
36 98 11
37 1 11
37 6 11
37 19 11
37 32 11
38 53 11
38 59 11
38 76 11
39 89 11
40 33 11
40 46 11
40 61 11
40 73 11
40 81 11
40 82 11
40 98 11
41 28 11
41 56 11
41 72 11
41 84 11
41 89 11
42 5 11
42 20 11
42 77 11
42 78 11
43 5 11
43 10 11
43 45 11
43 79 11
43 84 11
44 28 11
44 31 11
44 34 11
44 71 11
44 74 11
44 95 11
45 15 11
45 52 11
45 86 11
45 91 11
46 19 11
46 25 11
46 33 11
46 56 11
46 59 11
46 65 11
46 66 11
46 89 11
46 91 11
46 92 11
46 96 11
47 4 11
47 18 11
47 85 11
47 94 11
48 6 11
48 32 11
48 68 11
48 77 11
48 78 11
48 87 11
48 93 11
49 50 11
49 51 11
49 63 11
50 14 11
50 21 11
50 72 11
50 94 11
50 100 11
51 22 11
51 23 11
51 28 11
51 29 11
51 99 11
52 7 11
52 16 11
52 18 11
52 48 11
52 81 11
52 87 11
52 95 11
53 5 11
53 84 11
54 31 11
54 76 11
55 43 11
55 46 11
55 66 11
55 91 11
56 21 11
56 30 11
56 35 11
56 59 11
56 68 11
56 97 11
57 4 11
57 38 11
57 84 11
58 33 11
58 51 11
59 35 11
59 36 11
60 31 11
60 39 11
60 89 11
60 96 11
61 92 11
61 99 11
62 11 11
62 34 11
62 63 11
62 77 11
62 82 11
63 1 11
63 2 11
63 5 11
63 9 11
63 21 11
63 29 11
63 37 11
63 48 11
63 94 11
63 100 11
64 40 11
65 32 11
65 38 11
65 52 11
65 79 11
65 86 11
66 11 11
66 28 11
66 33 11
66 48 11
66 53 11
66 58 11
67 10 11
67 51 11
67 53 11
67 60 11
67 64 11
67 81 11
68 4 11
68 12 11
68 16 11
68 32 11
68 58 11
68 79 11
68 99 11
69 10 11
69 39 11
69 95 11
70 16 11
70 20 11
70 72 11
70 75 11
70 95 11
70 100 11
71 12 11
71 50 11
71 55 11
71 91 11
72 2 11
72 11 11
72 14 11
72 50 11
72 96 11
73 12 11
73 20 11
73 66 11
73 78 11
74 4 11
74 32 11
74 48 11
74 54 11
75 46 11
75 52 11
75 79 11
76 83 11
76 87 11
76 88 11
77 16 11
77 50 11
77 67 11
77 75 11
77 89 11
78 17 11
78 18 11
78 33 11
78 44 11
78 59 11
78 86 11
78 96 11
78 99 11
79 19 11
79 46 11
80 14 11
80 18 11
80 51 11
80 77 11
80 100 11
81 39 11
82 15 11
82 35 11
82 46 11
82 55 11
83 43 11
83 49 11
83 75 11
85 53 11
86 32 11
86 66 11
86 88 11
87 4 11
87 12 11
87 28 11
87 56 11
87 64 11
87 90 11
88 53 11
88 61 11
88 78 11
88 80 11
88 89 11
89 32 11
89 38 11
89 40 11
89 67 11
89 94 11
89 100 11
90 7 11
90 11 11
90 50 11
90 69 11
90 94 11
91 16 11
91 28 11
91 40 11
91 85 11
92 27 11
92 39 11
92 50 11
92 53 11
92 69 11
92 73 11
92 80 11
93 51 11
93 58 11
93 65 11
94 97 11
95 17 11
95 30 11
95 34 11
95 50 11
95 55 11
95 62 11
95 81 11
95 85 11
95 88 11
96 2 11
96 17 11
96 57 11
96 59 11
96 79 11
96 93 11
97 17 11
97 21 11
97 51 11
97 82 11
97 95 11
98 5 11
98 71 11
98 76 11
98 97 11
99 12 11
99 30 11
99 43 11
99 45 11
99 69 11
99 81 11
99 82 11
99 89 11
100 20 11
100 25 11
100 58 11
100 67 11
100 93 11
1 10 12
2 11 12
2 16 12
2 44 12
2 74 12
2 81 12
3 9 12
3 25 12
3 51 12
3 60 12
3 66 12
4 2 12
4 11 12
4 13 12
4 15 12
4 29 12
4 35 12
4 61 12
4 73 12
5 13 12
5 30 12
5 68 12
5 69 12
5 95 12
6 27 12
6 94 12
6 96 12
7 6 12
7 11 12
7 12 12
8 14 12
8 72 12
8 88 12
9 18 12
9 98 12
10 12 12
10 16 12
10 49 12
10 68 12
10 85 12
10 96 12
11 97 12
12 95 12
12 96 12
13 9 12
13 10 12
13 48 12
13 63 12
13 64 12
13 66 12
13 78 12
13 100 12
14 23 12
14 48 12
14 87 12
15 19 12
15 42 12
15 56 12
15 65 12
16 2 12
16 18 12
16 27 12
16 57 12
16 81 12
16 83 12
16 92 12
17 8 12
17 11 12
18 3 12
18 10 12
18 26 12
18 58 12
18 75 12
18 77 12
18 85 12
18 99 12
19 11 12
19 17 12
19 48 12
19 61 12
19 86 12
19 95 12
20 8 12
20 14 12
20 87 12
21 5 12
21 33 12
21 49 12
22 9 12
22 68 12
23 24 12
23 41 12
23 77 12
24 18 12
24 29 12
24 40 12
24 42 12
24 45 12
24 57 12
24 84 12
24 86 12
24 99 12
25 2 12
25 30 12
25 52 12
25 82 12
25 91 12
25 95 12
25 99 12
26 5 12
26 11 12
26 12 12
26 54 12
26 67 12
26 77 12
26 85 12
27 29 12
27 51 12
27 52 12
27 54 12
27 77 12
27 82 12
28 17 12
28 35 12
28 59 12
28 72 12
28 94 12
28 99 12
29 10 12
29 11 12
29 13 12
29 25 12
29 34 12
29 38 12
29 46 12
29 71 12
29 74 12
29 85 12
29 90 12
29 99 12
29 100 12
30 2 12
30 42 12
30 60 12
30 67 12
30 79 12
30 80 12
30 86 12
31 28 12
31 100 12
32 9 12
32 24 12
32 64 12
32 65 12
32 67 12
32 71 12
32 75 12
32 83 12
32 92 12
32 96 12
33 5 12
33 13 12
33 20 12
33 23 12
33 36 12
33 54 12
34 6 12
34 42 12
34 69 12
34 71 12
35 18 12
35 33 12
35 37 12
35 56 12
35 81 12
35 87 12
35 90 12
36 24 12
36 40 12
36 70 12
36 95 12
36 100 12
37 2 12
37 25 12
38 9 12
38 16 12
38 19 12
38 24 12
38 31 12
39 29 12
39 32 12
39 52 12
39 71 12
39 86 12
40 8 12
40 16 12
40 24 12
40 31 12
40 35 12
40 75 12
40 79 12
40 83 12
41 20 12
41 60 12
41 77 12
41 80 12
41 87 12
42 6 12
42 21 12
42 29 12
42 63 12
42 90 12
42 91 12
43 15 12
43 44 12
43 49 12
43 62 12
43 80 12
44 62 12
44 70 12
45 16 12
45 23 12
45 24 12
45 26 12
46 13 12
46 23 12
46 58 12
47 8 12
47 23 12
47 59 12
47 65 12
47 68 12
47 98 12
48 1 12
48 39 12
48 62 12
48 74 12
48 84 12
49 13 12
49 16 12
49 28 12
49 56 12
49 66 12
49 68 12
49 73 12
49 86 12
50 5 12
50 6 12
50 27 12
50 30 12
50 88 12
51 13 12
51 36 12
51 67 12
51 85 12
51 90 12
52 31 12
52 72 12
52 75 12
52 99 12
53 17 12
53 44 12
53 73 12
53 88 12
53 89 12
53 90 12
53 99 12
54 21 12
54 91 12
54 98 12
55 9 12
55 31 12
55 36 12
55 37 12
55 41 12
55 47 12
55 50 12
55 67 12
55 68 12
55 99 12
56 71 12
56 91 12
57 6 12
57 27 12
57 31 12
57 47 12
57 55 12
57 62 12
57 66 12
57 75 12
58 6 12
58 23 12
58 25 12
58 30 12
58 48 12
58 63 12
58 67 12
58 68 12
59 21 12
59 57 12
59 81 12
60 42 12
60 44 12
60 77 12
60 87 12
61 19 12
61 20 12
61 42 12
61 85 12
62 19 12
62 45 12
62 56 12
62 57 12
63 24 12
63 31 12
63 59 12
64 27 12
64 36 12
64 79 12
64 86 12
64 97 12
65 5 12
65 82 12
65 84 12
66 38 12
66 41 12
66 43 12
66 52 12
66 90 12
66 97 12
67 24 12
67 35 12
67 61 12
67 65 12
67 68 12
67 69 12
67 98 12
68 27 12
68 35 12
68 48 12
68 51 12
68 90 12
69 2 12
69 14 12
69 19 12
69 26 12
69 45 12
69 65 12
69 68 12
69 85 12
69 86 12
69 90 12
70 11 12
70 22 12
70 44 12
70 51 12
70 65 12
70 86 12
70 98 12
71 5 12
71 25 12
71 42 12
71 73 12
71 100 12
72 1 12
72 8 12
72 15 12
72 54 12
72 55 12
72 91 12
73 54 12
73 65 12
73 69 12
73 70 12
73 98 12
74 19 12
74 22 12
74 26 12
74 33 12
74 41 12
74 92 12
75 31 12
75 35 12
75 48 12
75 63 12
75 82 12
75 89 12
76 2 12
76 18 12
76 25 12
76 31 12
76 39 12
76 40 12
76 65 12
76 73 12
76 85 12
77 8 12
77 11 12
77 25 12
77 42 12
77 43 12
77 95 12
78 43 12
78 47 12
78 49 12
78 61 12
79 20 12
79 30 12
79 59 12
79 88 12
79 89 12
79 98 12
80 35 12
80 43 12
80 46 12
80 63 12
81 31 12
81 54 12
81 85 12
82 22 12
82 99 12
83 3 12
83 37 12
83 57 12
83 71 12
83 85 12
84 14 12
84 71 12
84 99 12
85 3 12
85 61 12
85 71 12
85 99 12
86 14 12
86 42 12
86 63 12
86 80 12
86 97 12
87 16 12
87 17 12
87 18 12
87 26 12
87 32 12
88 30 12
88 42 12
88 68 12
88 75 12
88 90 12
89 3 12
89 58 12
89 75 12
89 82 12
90 3 12
90 9 12
90 52 12
90 54 12
90 74 12
91 6 12
91 23 12
91 51 12
91 67 12
92 9 12
92 31 12
92 36 12
92 47 12
92 49 12
92 58 12
93 6 12
93 20 12
93 95 12
93 98 12
94 24 12
94 71 12
94 72 12
94 80 12
95 19 12
95 23 12
95 31 12
95 42 12
95 51 12
95 72 12
95 99 12
96 25 12
96 31 12
96 65 12
96 70 12
96 75 12
98 1 12
98 19 12
98 81 12
98 96 12
99 14 12
99 54 12
99 83 12
100 37 12
100 39 12
100 59 12
100 98 12
1 18 13
1 32 13
1 79 13
1 92 13
1 98 13
1 99 13
2 12 13
2 17 13
2 54 13
3 22 13
3 56 13
4 9 13
4 22 13
4 32 13
4 63 13
4 77 13
4 81 13
4 100 13
5 20 13
5 52 13
6 39 13
6 67 13
6 71 13
6 78 13
6 90 13
6 100 13
7 10 13
7 30 13
7 59 13
7 77 13
7 86 13
7 88 13
8 1 13
8 24 13
8 39 13
8 57 13
8 66 13
8 83 13
9 6 13
9 7 13
9 62 13
9 89 13
10 67 13
11 4 13
11 16 13
11 38 13
11 40 13
11 61 13
11 80 13
11 90 13
12 15 13
12 28 13
13 8 13
13 50 13
13 81 13
13 89 13
14 8 13
14 13 13
15 9 13
15 21 13
15 63 13
16 31 13
16 53 13
16 88 13
17 19 13
17 21 13
17 23 13
17 31 13
17 75 13
17 88 13
17 90 13
18 19 13
18 31 13
18 62 13
18 68 13
18 100 13
19 31 13
19 66 13
19 78 13
20 3 13
20 45 13
20 58 13
20 62 13
20 66 13
20 67 13
20 86 13
21 12 13
21 20 13
21 39 13
21 69 13
21 76 13
21 83 13
21 85 13
21 86 13
22 4 13
22 8 13
22 48 13
23 6 13
23 16 13
23 19 13
23 21 13
23 29 13
23 65 13
24 43 13
24 60 13
24 64 13
24 93 13
25 7 13
25 21 13
25 61 13
25 70 13
26 16 13
26 42 13
26 55 13
26 60 13
27 25 13
27 49 13
27 60 13
27 84 13
27 97 13
28 14 13
28 20 13
28 65 13
28 85 13
29 17 13
29 39 13
29 54 13
29 60 13
29 72 13
29 89 13
29 93 13
30 3 13
30 16 13
30 26 13
30 31 13
30 62 13
31 29 13
31 30 13
31 34 13
31 96 13
32 6 13
32 34 13
32 43 13
32 52 13
32 58 13
32 66 13
32 74 13
33 26 13
33 51 13
33 63 13
34 7 13
34 49 13
34 63 13
34 91 13
35 9 13
35 96 13
36 3 13
36 13 13
36 62 13
36 67 13
36 72 13
36 75 13
36 81 13
36 91 13
37 26 13
37 38 13
37 48 13
37 88 13
38 12 13
38 28 13
38 33 13
38 78 13
39 30 13
39 36 13
39 82 13
40 26 13
40 32 13
40 64 13
40 66 13
40 69 13
41 22 13
41 25 13
41 61 13
41 79 13
41 92 13
41 93 13
42 45 13
42 56 13
42 58 13
42 76 13
42 86 13
42 98 13
43 23 13
43 57 13
43 64 13
43 67 13
43 86 13
43 87 13
43 94 13
44 4 13
44 55 13
44 89 13
45 2 13
45 4 13
45 12 13
45 39 13
45 56 13
45 67 13
46 4 13
46 24 13
46 36 13
46 54 13
46 72 13
46 87 13
46 88 13
47 3 13
47 19 13
47 24 13
47 41 13
47 44 13
47 62 13
47 64 13
47 69 13
47 72 13
48 11 13
48 20 13
48 21 13
48 31 13
48 88 13
49 22 13
49 60 13
49 84 13
49 97 13
49 98 13
50 55 13
50 58 13
50 61 13
50 77 13
50 90 13
51 11 13
51 20 13
51 26 13
51 42 13
51 47 13
51 61 13
51 63 13
51 72 13
51 95 13
52 1 13
52 45 13
52 79 13
53 3 13
53 52 13
53 77 13
54 3 13
54 15 13
54 18 13
54 20 13
54 22 13
54 28 13
54 55 13
54 92 13
55 20 13
55 53 13
55 54 13
55 61 13
55 70 13
55 71 13
55 79 13
55 88 13
56 20 13
57 3 13
57 35 13
57 48 13
57 58 13
57 98 13
58 14 13
58 15 13
58 19 13
58 44 13
59 5 13
59 45 13
59 55 13
59 69 13
59 99 13
60 24 13
60 51 13
60 72 13
60 90 13
61 27 13
61 37 13
61 39 13
61 53 13
61 63 13
61 65 13
61 90 13
62 12 13
62 24 13
62 39 13
62 96 13
63 16 13
63 25 13
63 40 13
63 56 13
63 85 13
63 88 13
63 92 13
63 97 13
64 21 13
64 26 13
64 50 13
64 63 13
65 22 13
65 67 13
65 68 13
65 87 13
66 24 13
66 32 13
66 47 13
66 55 13
67 1 13
67 13 13
67 25 13
67 73 13
67 91 13
68 5 13
68 23 13
68 88 13
68 92 13
68 93 13
68 95 13
69 24 13
69 32 13
69 42 13
69 43 13
69 47 13
69 78 13
69 82 13
70 5 13
70 13 13
70 19 13
70 45 13
70 50 13
70 96 13
71 21 13
71 22 13
71 39 13
71 48 13
71 51 13
71 81 13
71 90 13
71 93 13
72 13 13
72 44 13
72 93 13
73 11 13
73 29 13
73 41 13
73 48 13
73 50 13
73 71 13
73 91 13
75 14 13
75 19 13
75 42 13
75 61 13
75 77 13
76 5 13
76 66 13
76 70 13
76 75 13
76 84 13
77 4 13
77 14 13
77 28 13
77 33 13
78 29 13
78 46 13
78 52 13
78 73 13
78 83 13
78 93 13
79 3 13
79 15 13
79 17 13
79 21 13
79 61 13
79 70 13
79 71 13
79 92 13
79 97 13
80 6 13
80 23 13
80 29 13
80 39 13
80 45 13
80 48 13
80 61 13
80 70 13
80 82 13
80 92 13
81 3 13
81 8 13
81 30 13
81 38 13
81 59 13
81 65 13
81 68 13
81 72 13
81 89 13
82 6 13
82 24 13
82 41 13
82 49 13
83 6 13
83 33 13
83 34 13
83 54 13
83 96 13
84 1 13
84 25 13
84 28 13
84 86 13
84 88 13
85 27 13
85 28 13
85 54 13
85 56 13
85 58 13
85 77 13
85 95 13
86 8 13
86 16 13
86 18 13
86 19 13
86 25 13
86 47 13
86 50 13
86 64 13
87 7 13
87 55 13
87 89 13
88 6 13
88 33 13
88 41 13
88 84 13
88 85 13
88 86 13
89 2 13
90 4 13
90 10 13
90 12 13
90 18 13
90 19 13
90 53 13
90 63 13
90 97 13
91 30 13
91 49 13
91 52 13
91 54 13
91 60 13
91 73 13
91 81 13
91 99 13
92 11 13
92 84 13
92 87 13
92 93 13
93 9 13
93 61 13
93 72 13
93 76 13
93 87 13
93 89 13
93 94 13
94 3 13
94 39 13
94 41 13
94 44 13
94 52 13
94 68 13
94 69 13
94 76 13
94 98 13
95 16 13
95 38 13
95 68 13
95 73 13
95 91 13
96 36 13
96 56 13
97 18 13
97 26 13
97 31 13
97 45 13
97 62 13
97 78 13
97 79 13
97 98 13
98 35 13
98 36 13
98 57 13
98 66 13
99 38 13
99 64 13
100 6 13
100 17 13
100 21 13
100 44 13
100 50 13
100 62 13
100 73 13
100 74 13
100 90 13
100 91 13
100 97 13
100 99 13
1 15 14
1 48 14
1 65 14
1 75 14
2 37 14
2 75 14
3 10 14
3 31 14
3 67 14
3 69 14
3 94 14
4 18 14
4 42 14
4 78 14
4 90 14
4 94 14
5 31 14
5 61 14
5 63 14
5 66 14
5 78 14
5 80 14
5 90 14
6 66 14
7 16 14
7 28 14
8 9 14
8 28 14
8 33 14
8 60 14
8 61 14
9 27 14
9 33 14
9 34 14
9 42 14
9 70 14
10 41 14
10 56 14
11 10 14
11 29 14
11 89 14
11 98 14
12 39 14
14 47 14
14 51 14
14 65 14
14 70 14
14 76 14
14 78 14
14 81 14
15 3 14
15 14 14
15 20 14
15 22 14
15 29 14
15 30 14
15 47 14
15 67 14
15 70 14
15 73 14
15 75 14
15 93 14
17 9 14
17 36 14
18 36 14
18 49 14
18 51 14
18 70 14
18 76 14
18 83 14
19 14 14
19 24 14
19 50 14
19 59 14
19 63 14
19 64 14
20 6 14
20 7 14
20 38 14
20 44 14
20 47 14
20 71 14
21 13 14
21 47 14
21 52 14
21 63 14
21 68 14
21 81 14
22 5 14
22 46 14
23 7 14
23 11 14
23 37 14
23 96 14
24 1 14
24 3 14
24 17 14
24 20 14
24 33 14
25 13 14
25 37 14
25 43 14
26 7 14
26 29 14
26 51 14
26 58 14
26 86 14
27 23 14
27 61 14
27 66 14
27 86 14
28 51 14
28 84 14
29 6 14
29 15 14
29 22 14
29 35 14
29 45 14
29 49 14
30 33 14
30 53 14
30 68 14
30 69 14
30 88 14
30 97 14
30 99 14
30 100 14
31 20 14
31 48 14
31 72 14
31 86 14
31 89 14
31 91 14
32 19 14
32 37 14
32 41 14
33 8 14
33 43 14
33 60 14
33 65 14
33 84 14
34 54 14
34 60 14
34 75 14
34 76 14
35 15 14
35 39 14
35 51 14
35 69 14
35 75 14
35 77 14
35 85 14
35 99 14
36 19 14
36 39 14
36 56 14
36 68 14
36 83 14
36 85 14
37 14 14
37 21 14
37 46 14
37 57 14
37 61 14
37 65 14
37 73 14
37 85 14
37 89 14
37 100 14
38 2 14
38 54 14
38 55 14
38 88 14
39 27 14
39 47 14
39 49 14
39 70 14
40 34 14
40 50 14
40 55 14
40 96 14
40 100 14
41 1 14
41 5 14
41 98 14
42 15 14
42 33 14
42 47 14
42 100 14
43 3 14
43 18 14
43 37 14
43 55 14
43 72 14
43 75 14
44 7 14
44 12 14
44 27 14
44 83 14
44 86 14
45 11 14
45 22 14
45 44 14
45 80 14
45 89 14
46 3 14
46 32 14
46 49 14
46 60 14
46 62 14
47 14 14
47 22 14
47 66 14
47 76 14
47 99 14
48 2 14
48 29 14
48 40 14
48 41 14
48 45 14
48 91 14
49 15 14
49 21 14
49 40 14
49 62 14
49 90 14
49 91 14
50 22 14
50 40 14
50 51 14
50 84 14
50 85 14
50 86 14
51 2 14
51 14 14
51 40 14
51 48 14
51 53 14
51 82 14
51 83 14
52 10 14
52 32 14
52 34 14
52 47 14
52 54 14
53 2 14
53 12 14
53 26 14
53 32 14
53 45 14
54 5 14
54 6 14
54 7 14
54 42 14
54 48 14
54 57 14
54 87 14
55 4 14
55 5 14
55 21 14
55 32 14
55 60 14
55 84 14
56 1 14
56 49 14
56 76 14
56 85 14
57 8 14
57 18 14
57 24 14
57 33 14
57 34 14
57 53 14
57 56 14
57 81 14
57 96 14
58 5 14
58 20 14
58 29 14
58 41 14
58 56 14
58 86 14
58 95 14
59 16 14
60 29 14
60 37 14
60 61 14
60 68 14
60 84 14
61 18 14
61 21 14
61 50 14
61 51 14
62 8 14
62 44 14
63 18 14
63 19 14
63 43 14
63 68 14
63 74 14
64 31 14
64 41 14
64 71 14
64 78 14
64 83 14
65 1 14
65 6 14
65 17 14
65 53 14
65 63 14
65 76 14
65 78 14
66 21 14
66 22 14
66 26 14
66 54 14
66 70 14
66 71 14
66 92 14
67 2 14
67 26 14
67 45 14
67 47 14
67 52 14
68 6 14
68 13 14
68 47 14
68 57 14
68 60 14
68 76 14
68 94 14
69 6 14
69 16 14
69 51 14
69 61 14
69 72 14
69 80 14
70 17 14
70 21 14
70 77 14
70 92 14
71 58 14
71 77 14
72 53 14
72 78 14
73 3 14
73 5 14
73 13 14
73 24 14
73 31 14
73 34 14
73 58 14
73 63 14
74 2 14
74 5 14
74 27 14
74 65 14
74 66 14
74 71 14
75 3 14
75 4 14
75 51 14
75 74 14
76 38 14
76 41 14
76 56 14
76 59 14
76 95 14
77 6 14
77 20 14
77 23 14
77 34 14
77 35 14
77 37 14
77 47 14
77 60 14
77 68 14
78 62 14
78 65 14
78 77 14
78 80 14
78 95 14
79 27 14
79 29 14
79 50 14
79 53 14
79 62 14
79 67 14
80 5 14
80 41 14
80 79 14
80 91 14
80 99 14
81 28 14
81 41 14
81 51 14
82 58 14
82 60 14
82 62 14
82 96 14
83 5 14
83 22 14
83 39 14
83 40 14
83 47 14
83 88 14
83 93 14
84 3 14
84 4 14
84 34 14
84 35 14
84 60 14
84 65 14
84 80 14
84 82 14
84 87 14
84 91 14
85 36 14
85 62 14
85 96 14
86 20 14
86 21 14
86 67 14
86 83 14
87 14 14
87 59 14
87 67 14
87 73 14
88 37 14
88 47 14
88 55 14
88 72 14
89 13 14
89 61 14
89 62 14
89 71 14
89 85 14
90 24 14
90 30 14
90 41 14
90 59 14
90 82 14
91 11 14
91 37 14
91 50 14
91 86 14
92 2 14
92 28 14
92 78 14
92 96 14
92 98 14
93 10 14
93 30 14
93 41 14
93 74 14
93 92 14
94 2 14
94 47 14
94 60 14
94 62 14
94 90 14
95 7 14
95 21 14
95 33 14
95 35 14
95 58 14
95 61 14
95 63 14
95 82 14
95 96 14
96 11 14
96 12 14
96 32 14
96 67 14
96 84 14
96 85 14
96 90 14
96 92 14
96 100 14
97 2 14
97 43 14
97 64 14
97 88 14
99 23 14
99 29 14
99 67 14
99 70 14
99 100 14
100 24 14
1 17 15
1 38 15
1 47 15
1 49 15
1 56 15
1 73 15
1 80 15
2 15 15
2 35 15
2 36 15
2 80 15
3 7 15
3 29 15
4 7 15
4 10 15
4 14 15
4 25 15
4 47 15
4 55 15
4 82 15
4 87 15
5 16 15
5 40 15
5 48 15
6 1 15
6 7 15
6 16 15
6 36 15
6 38 15
6 45 15
6 89 15
7 5 15
7 39 15
7 52 15
7 63 15
7 68 15
7 80 15
8 5 15
8 13 15
8 19 15
8 50 15
8 74 15
8 80 15
8 89 15
8 100 15
9 24 15
9 30 15
9 81 15
9 100 15
10 1 15
10 95 15
11 17 15
11 85 15
12 4 15
12 27 15
12 55 15
13 5 15
13 26 15
13 55 15
13 60 15
13 96 15
14 60 15
14 67 15
14 83 15
14 84 15
15 8 15
15 51 15
15 80 15
15 84 15
16 7 15
16 22 15
16 23 15
16 34 15
16 48 15
16 84 15
17 33 15
17 60 15
17 65 15
17 76 15
17 87 15
18 8 15
18 25 15
18 29 15
18 61 15
18 91 15
18 95 15
19 32 15
19 56 15
19 57 15
19 75 15
19 89 15
19 91 15
20 26 15
21 3 15
21 18 15
21 22 15
21 30 15
21 42 15
21 45 15
21 54 15
21 72 15
21 100 15
22 20 15
22 57 15
22 92 15
22 98 15
23 2 15
23 31 15
23 38 15
23 53 15
23 62 15
23 80 15
24 38 15
24 69 15
24 73 15
24 80 15
25 20 15
25 26 15
25 36 15
25 93 15
26 21 15
26 27 15
26 44 15
26 46 15
26 48 15
26 49 15
26 61 15
26 96 15
26 99 15
27 37 15
28 31 15
28 39 15
28 48 15
28 49 15
28 81 15
28 86 15
28 89 15
28 96 15
29 59 15
29 65 15
29 81 15
29 98 15
30 11 15
30 14 15
30 32 15
30 57 15
30 72 15
31 1 15
31 53 15
31 58 15
31 66 15
31 87 15
32 10 15
32 70 15
32 88 15
33 15 15
33 18 15
33 29 15
33 45 15
34 13 15
34 15 15
34 82 15
35 20 15
35 53 15
35 62 15
36 28 15
36 50 15
36 55 15
36 63 15
36 77 15
37 29 15
37 41 15
37 66 15
37 75 15
38 39 15
38 66 15
38 73 15
38 90 15
39 21 15
39 37 15
39 48 15
39 87 15
40 52 15
40 56 15
40 62 15
40 77 15
40 99 15
41 13 15
41 17 15
41 32 15
41 34 15
41 48 15
41 85 15
41 96 15
42 10 15
42 28 15
42 35 15
42 65 15
42 71 15
42 80 15
42 84 15
42 89 15
43 21 15
43 34 15
43 41 15
43 56 15
43 90 15
43 91 15
44 73 15
45 35 15
45 41 15
45 84 15
45 100 15
46 7 15
46 16 15
46 22 15
46 41 15
46 70 15
46 100 15
47 2 15
47 9 15
47 27 15
47 34 15
47 43 15
47 52 15
47 58 15
47 78 15
47 79 15
48 42 15
48 58 15
48 70 15
48 71 15
48 95 15
49 32 15
49 81 15
49 82 15
49 96 15
50 18 15
50 24 15
50 59 15
50 80 15
50 91 15
50 95 15
51 55 15
51 60 15
51 75 15
51 84 15
52 6 15
52 17 15
52 24 15
52 55 15
52 67 15
52 69 15
52 92 15
53 33 15
53 50 15
54 14 15
54 23 15
54 27 15
54 65 15
54 79 15
55 13 15
55 15 15
55 25 15
56 17 15
56 31 15
56 61 15
56 100 15
57 12 15
57 43 15
57 71 15
57 72 15
57 78 15
58 11 15
58 38 15
58 71 15
58 74 15
58 82 15
58 87 15
58 93 15
58 100 15
59 8 15
59 26 15
59 47 15
59 53 15
59 67 15
59 79 15
60 2 15
60 8 15
60 9 15
60 55 15
60 100 15
61 4 15
61 36 15
61 41 15
62 3 15
62 4 15
62 9 15
62 81 15
62 86 15
63 11 15
63 26 15
63 27 15
63 44 15
63 53 15
63 64 15
64 8 15
64 11 15
64 19 15
64 44 15
64 46 15
64 49 15
64 51 15
64 55 15
64 95 15
65 7 15
65 41 15
65 75 15
66 7 15
66 30 15
66 59 15
66 73 15
67 16 15
67 39 15
67 75 15
67 79 15
67 95 15
67 99 15
68 7 15
68 22 15
68 25 15
68 31 15
68 80 15
68 84 15
69 36 15
69 37 15
69 38 15
69 73 15
69 94 15
69 100 15
70 18 15
70 23 15
70 32 15
70 42 15
70 57 15
70 93 15
70 99 15
71 4 15
71 40 15
71 70 15
72 22 15
72 46 15
72 62 15
72 66 15
72 70 15
72 80 15
73 38 15
74 13 15
74 88 15
75 40 15
75 62 15
75 65 15
75 78 15
76 3 15
76 29 15
76 30 15
76 82 15
76 97 15
77 1 15
77 26 15
77 29 15
77 96 15
79 14 15
79 16 15
79 25 15
79 28 15
79 47 15
79 63 15
79 90 15
80 8 15
80 22 15
80 27 15
80 52 15
80 57 15
80 58 15
80 96 15
81 6 15
81 7 15
81 12 15
81 35 15
81 61 15
81 76 15
81 87 15
82 33 15
82 40 15
82 44 15
82 45 15
83 2 15
83 16 15
83 18 15
83 70 15
83 82 15
83 87 15
84 70 15
85 23 15
85 41 15
85 42 15
85 52 15
85 60 15
85 72 15
86 72 15
86 90 15
86 92 15
86 95 15
86 96 15
87 13 15
87 24 15
87 61 15
87 62 15
87 66 15
87 68 15
87 97 15
88 2 15
88 18 15
88 29 15
88 52 15
89 1 15
89 51 15
89 55 15
89 74 15
89 79 15
89 90 15
90 67 15
91 4 15
91 10 15
91 15 15
91 19 15
91 35 15
91 39 15
91 45 15
91 84 15
92 16 15
92 18 15
92 32 15
92 86 15
92 95 15
93 14 15
93 16 15
94 12 15
94 35 15
94 81 15
95 27 15
95 69 15
95 78 15
95 79 15
95 92 15
96 28 15
96 48 15
96 53 15
96 88 15
96 95 15
97 8 15
97 22 15
97 42 15
97 70 15
97 92 15
98 16 15
98 24 15
98 30 15
98 37 15
98 73 15
98 90 15
98 94 15
98 100 15
99 2 15
99 42 15
99 72 15
99 80 15
99 91 15
99 92 15
100 7 15
100 22 15
100 56 15
100 71 15
100 72 15
100 78 15
1 21 16
1 33 16
1 34 16
1 52 16
1 74 16
1 85 16
2 24 16
2 34 16
2 38 16
2 50 16
2 53 16
2 62 16
2 86 16
2 89 16
2 100 16
3 37 16
3 48 16
3 70 16
3 74 16
3 100 16
4 53 16
4 56 16
4 65 16
4 72 16
5 17 16
5 21 16
5 36 16
5 43 16
5 67 16
5 74 16
6 3 16
6 11 16
6 21 16
6 30 16
6 49 16
6 61 16
7 44 16
7 45 16
7 72 16
7 82 16
8 6 16
8 18 16
8 25 16
8 48 16
8 99 16
9 12 16
9 32 16
9 49 16
9 53 16
9 74 16
9 86 16
10 23 16
10 28 16
10 33 16
10 61 16
10 82 16
10 92 16
11 35 16
11 39 16
11 44 16
11 63 16
11 78 16
11 87 16
12 26 16
12 31 16
12 47 16
12 58 16
12 88 16
12 93 16
12 99 16
13 25 16
13 34 16
13 44 16
13 49 16
13 72 16
13 74 16
14 33 16
14 41 16
14 73 16
14 89 16
15 43 16
15 79 16
16 36 16
16 59 16
16 75 16
16 100 16
17 64 16
17 71 16
17 99 16
18 4 16
18 22 16
18 43 16
18 45 16
18 50 16
18 84 16
18 92 16
19 26 16
19 27 16
19 42 16
20 21 16
20 27 16
20 36 16
20 98 16
21 9 16
21 11 16
21 57 16
21 62 16
21 73 16
21 77 16
21 96 16
22 24 16
22 27 16
22 40 16
22 44 16
22 54 16
22 61 16
22 65 16
22 80 16
22 93 16
23 5 16
23 63 16
23 71 16
23 78 16
23 98 16
24 67 16
24 78 16
24 83 16
25 34 16
25 49 16
25 56 16
25 62 16
25 86 16
25 90 16
26 50 16
26 57 16
27 2 16
27 13 16
27 47 16
28 9 16
28 19 16
28 57 16
28 66 16
28 88 16
29 61 16
29 67 16
30 7 16
30 34 16
30 46 16
30 55 16
30 91 16
31 78 16
31 80 16
31 85 16
32 3 16
32 15 16
32 40 16
32 62 16
32 72 16
32 89 16
32 94 16
33 11 16
33 27 16
33 52 16
33 100 16
34 31 16
34 51 16
34 65 16
35 2 16
35 19 16
35 43 16
35 66 16
36 9 16
36 31 16
36 53 16
36 79 16
36 80 16
37 4 16
37 39 16
37 47 16
37 54 16
37 92 16
38 13 16
38 21 16
38 23 16
38 34 16
38 46 16
38 50 16
38 97 16
39 6 16
39 38 16
39 56 16
39 93 16
40 3 16
40 44 16
40 84 16
40 88 16
41 24 16
41 97 16
42 19 16
42 26 16
42 34 16
42 44 16
42 61 16
42 64 16
42 87 16
42 92 16
43 12 16
43 24 16
43 25 16
43 26 16
43 51 16
43 81 16
44 24 16
44 50 16
44 67 16
44 76 16
45 10 16
45 29 16
45 32 16
45 58 16
45 92 16
45 96 16
46 11 16
46 28 16
46 77 16
46 82 16
46 84 16
46 94 16
47 82 16
48 4 16
48 16 16
48 27 16
48 35 16
48 73 16
48 97 16
49 27 16
49 48 16
49 58 16
49 67 16
49 70 16
49 79 16
49 100 16
50 12 16
50 28 16
50 41 16
50 42 16
50 56 16
50 75 16
50 83 16
50 87 16
51 38 16
51 39 16
52 29 16
52 33 16
52 38 16
52 90 16
52 98 16
53 11 16
53 22 16
53 24 16
53 66 16
53 78 16
53 82 16
53 86 16
54 10 16
54 34 16
55 2 16
55 34 16
55 42 16
55 51 16
55 69 16
55 100 16
56 25 16
56 72 16
56 86 16
57 15 16
57 30 16
57 45 16
57 73 16
57 97 16
58 31 16
58 36 16
58 37 16
58 47 16
58 98 16
59 6 16
59 62 16
60 4 16
60 28 16
61 31 16
61 69 16
61 81 16
61 88 16
62 28 16
62 53 16
62 70 16
62 83 16
62 88 16
63 12 16
63 90 16
64 24 16
64 90 16
64 98 16
65 18 16
65 39 16
65 43 16
65 64 16
65 70 16
65 72 16
65 90 16
65 100 16
66 19 16
66 74 16
66 76 16
66 93 16
67 5 16
68 28 16
68 34 16
68 97 16
68 100 16
69 12 16
69 31 16
69 33 16
69 60 16
69 93 16
70 3 16
70 46 16
70 74 16
70 85 16
70 89 16
71 65 16
71 69 16
71 78 16
71 85 16
71 86 16
72 24 16
72 28 16
72 43 16
72 75 16
72 88 16
72 100 16
73 44 16
73 55 16
73 59 16
74 10 16
74 23 16
74 87 16
75 38 16
75 50 16
75 81 16
76 10 16
76 16 16
76 19 16
76 60 16
76 63 16
77 5 16
77 7 16
77 15 16
77 36 16
77 69 16
77 79 16
77 99 16
78 13 16
78 40 16
78 98 16
79 2 16
79 13 16
79 24 16
79 37 16
79 68 16
79 77 16
79 86 16
79 87 16
80 26 16
80 37 16
80 75 16
81 14 16
81 16 16
81 27 16
82 3 16
82 7 16
82 17 16
82 18 16
82 20 16
82 36 16
82 50 16
82 80 16
83 7 16
83 24 16
83 53 16
84 11 16
84 24 16
84 43 16
84 45 16
84 52 16
84 76 16
84 77 16
84 95 16
85 8 16
85 14 16
85 26 16
85 29 16
85 33 16
85 59 16
85 76 16
85 84 16
85 91 16
85 98 16
86 26 16
86 29 16
86 46 16
86 55 16
86 59 16
86 62 16
86 65 16
86 69 16
86 84 16
87 2 16
87 70 16
87 80 16
88 8 16
88 20 16
88 82 16
89 4 16
89 30 16
89 43 16
89 48 16
89 59 16
89 64 16
90 6 16
90 27 16
90 36 16
90 57 16
90 72 16
90 78 16
90 81 16
91 59 16
91 64 16
91 76 16
92 22 16
92 75 16
93 29 16
93 42 16
93 45 16
93 48 16
93 55 16
93 57 16
93 77 16
93 88 16
93 97 16
94 14 16
94 16 16
94 33 16
95 70 16
95 90 16
96 1 16
96 14 16
96 19 16
96 43 16
97 86 16
98 15 16
98 48 16
98 75 16
99 15 16
99 24 16
99 40 16
99 58 16
100 29 16
100 52 16
100 68 16
1 29 17
1 50 17
1 51 17
1 55 17
1 59 17
1 68 17
1 72 17
1 94 17
2 7 17
2 30 17
2 49 17
2 63 17
2 77 17
2 78 17
2 83 17
2 93 17
3 1 17
3 21 17
3 64 17
3 89 17
4 24 17
4 62 17
4 71 17
5 47 17
5 81 17
5 82 17
6 25 17
6 32 17
6 52 17
6 74 17
6 84 17
6 87 17
7 3 17
7 23 17
7 24 17
7 64 17
7 66 17
7 69 17
7 97 17
7 99 17
8 15 17
8 17 17
8 23 17
8 31 17
8 49 17
9 4 17
9 13 17
9 20 17
9 41 17
9 46 17
9 55 17
9 60 17
9 67 17
9 96 17
10 4 17
10 19 17
10 40 17
10 59 17
10 73 17
11 6 17
11 26 17
11 34 17
11 36 17
11 48 17
11 68 17
11 75 17
11 82 17
11 93 17
11 96 17
12 8 17
12 73 17
12 86 17
13 14 17
13 43 17
13 86 17
14 21 17
14 34 17
14 52 17
14 77 17
15 4 17
15 16 17
15 17 17
15 28 17
15 52 17
15 69 17
15 77 17
15 100 17
16 5 17
16 37 17
16 94 17
17 38 17
17 43 17
17 62 17
17 93 17
18 7 17
18 12 17
18 14 17
18 15 17
18 42 17
18 44 17
18 52 17
18 74 17
19 18 17
19 41 17
19 51 17
20 1 17
20 2 17
20 13 17
20 24 17
20 56 17
20 59 17
20 75 17
20 78 17
20 79 17
20 80 17
21 35 17
21 43 17
21 55 17
21 64 17
21 67 17
21 90 17
22 15 17
22 25 17
22 33 17
22 69 17
22 75 17
23 9 17
23 42 17
23 54 17
23 79 17
23 83 17
24 8 17
24 26 17
24 54 17
24 62 17
24 95 17
24 100 17
25 16 17
25 74 17
26 75 17
26 82 17
27 10 17
27 55 17
28 7 17
28 44 17
28 80 17
28 92 17
29 18 17
29 36 17
29 52 17
30 38 17
30 58 17
30 87 17
30 90 17
31 6 17
31 8 17
31 10 17
31 15 17
31 74 17
32 1 17
32 20 17
32 22 17
32 50 17
32 53 17
32 54 17
32 95 17
33 7 17
33 37 17
34 2 17
34 39 17
34 46 17
34 59 17
34 80 17
34 99 17
34 100 17
35 23 17
36 27 17
36 89 17
37 8 17
37 27 17
37 69 17
37 70 17
38 22 17
38 26 17
38 42 17
38 77 17
38 81 17
39 4 17
39 42 17
39 50 17
39 59 17
40 19 17
40 20 17
40 36 17
40 58 17
40 97 17
41 2 17
41 6 17
41 14 17
41 23 17
41 29 17
41 44 17
41 66 17
41 90 17
42 12 17
42 17 17
42 32 17
42 36 17
42 72 17
42 74 17
43 28 17
43 29 17
44 49 17
44 53 17
44 68 17
44 77 17
44 88 17
45 6 17
45 38 17
45 81 17
46 45 17
46 68 17
46 79 17
47 35 17
47 75 17
47 83 17
47 96 17
47 97 17
48 14 17
48 59 17
48 80 17
48 96 17
49 3 17
49 23 17
49 87 17
50 11 17
50 33 17
50 46 17
50 48 17
50 64 17
50 65 17
50 96 17
51 16 17
51 56 17
51 77 17
51 78 17
51 79 17
51 87 17
52 56 17
52 70 17
53 20 17
53 49 17
53 62 17
53 71 17
53 98 17
54 49 17
54 61 17
54 72 17
54 77 17
54 78 17
55 7 17
55 35 17
55 65 17
56 6 17
56 14 17
56 24 17
56 34 17
56 36 17
56 42 17
56 84 17
56 94 17
57 1 17
57 60 17
57 82 17
57 95 17
58 70 17
58 80 17
58 90 17
59 9 17
59 14 17
59 23 17
59 50 17
59 51 17
59 80 17
59 86 17
60 19 17
60 58 17
60 85 17
60 88 17
61 6 17
61 44 17
61 57 17
61 62 17
61 72 17
62 6 17
62 27 17
62 89 17
62 94 17
62 97 17
63 3 17
63 20 17
63 32 17
63 42 17
63 49 17
63 67 17
63 83 17
64 3 17
64 10 17
64 48 17
64 54 17
64 57 17
64 70 17
64 74 17
64 93 17
65 49 17
65 50 17
65 61 17
65 83 17
66 1 17
66 31 17
66 37 17
66 42 17
66 50 17
66 61 17
66 69 17
66 94 17
67 11 17
67 15 17
67 42 17
67 76 17
67 94 17
68 3 17
68 44 17
69 40 17
69 70 17
69 99 17
70 1 17
70 8 17
70 63 17
70 64 17
70 80 17
70 87 17
70 90 17
71 1 17
71 16 17
71 60 17
71 97 17
71 98 17
72 20 17
72 42 17
72 63 17
73 27 17
73 72 17
73 74 17
73 77 17
73 87 17
73 94 17
74 18 17
74 20 17
74 21 17
74 47 17
75 23 17
75 95 17
76 33 17
76 36 17
76 44 17
76 93 17
77 31 17
77 44 17
77 48 17
77 59 17
77 81 17
78 3 17
78 24 17
78 51 17
78 67 17
78 68 17
78 79 17
79 11 17
79 12 17
79 33 17
79 35 17
79 43 17
79 44 17
79 100 17
80 42 17
80 44 17
80 73 17
80 93 17
81 2 17
81 45 17
81 67 17
81 99 17
82 14 17
82 19 17
82 68 17
82 71 17
82 73 17
82 93 17
82 94 17
83 11 17
83 81 17
83 89 17
83 97 17
83 99 17
84 20 17
84 58 17
85 4 17
85 13 17
85 21 17
85 40 17
85 67 17
85 70 17
85 78 17
87 23 17
87 36 17
87 94 17
88 17 17
88 36 17
88 46 17
88 54 17
88 83 17
89 8 17
89 10 17
89 57 17
89 76 17
89 84 17
90 33 17
90 61 17
90 71 17
90 87 17
91 7 17
91 43 17
91 94 17
92 17 17
92 64 17
92 79 17
92 83 17
93 1 17
93 63 17
93 64 17
94 4 17
94 6 17
94 15 17
94 49 17
94 65 17
94 91 17
94 95 17
95 14 17
95 20 17
95 22 17
95 49 17
95 52 17
95 74 17
96 42 17
96 50 17
96 63 17
96 73 17
97 7 17
97 60 17
97 75 17
97 87 17
97 91 17
98 8 17
98 31 17
98 87 17
99 1 17
99 3 17
99 21 17
99 22 17
99 33 17
99 49 17
99 73 17
99 88 17
100 4 17
100 32 17
100 60 17
1 16 18
1 58 18
1 64 18
1 93 18
2 28 18
2 94 18
2 96 18
3 28 18
3 34 18
3 61 18
3 65 18
4 44 18
4 51 18
4 89 18
5 9 18
5 37 18
5 39 18
5 41 18
5 89 18
6 10 18
6 24 18
6 44 18
6 53 18
6 75 18
6 88 18
6 95 18
6 99 18
7 25 18
7 37 18
7 41 18
8 10 18
8 12 18
8 20 18
8 41 18
8 53 18
8 63 18
8 64 18
8 71 18
9 3 18
9 39 18
9 94 18
9 97 18
10 3 18
10 17 18
10 25 18
10 39 18
11 19 18
11 23 18
11 50 18
12 21 18
12 46 18
12 91 18
12 97 18
12 98 18
13 4 18
13 12 18
13 20 18
13 30 18
13 45 18
13 47 18
13 62 18
13 75 18
13 84 18
13 85 18
13 94 18
14 31 18
14 37 18
14 49 18
14 59 18
14 75 18
14 95 18
15 72 18
16 14 18
16 43 18
17 4 18
17 18 18
17 20 18
17 22 18
17 95 18
17 100 18
18 28 18
18 66 18
18 86 18
19 8 18
19 65 18
20 10 18
20 12 18
20 15 18
20 35 18
20 50 18
20 53 18
20 63 18
20 77 18
21 2 18
21 29 18
21 60 18
21 71 18
21 87 18
22 17 18
23 44 18
23 91 18
24 15 18
24 28 18
24 30 18
24 39 18
24 52 18
24 76 18
24 77 18
24 96 18
24 98 18
25 23 18
25 31 18
25 85 18
25 87 18
26 24 18
26 59 18
26 68 18
26 72 18
26 84 18
26 98 18
27 4 18
27 16 18
27 48 18
27 57 18
27 89 18
28 53 18
28 87 18
29 3 18
29 41 18
29 43 18
29 58 18
29 91 18
30 10 18
30 27 18
30 37 18
31 2 18
31 26 18
31 39 18
31 56 18
31 59 18
31 60 18
31 69 18
31 76 18
31 88 18
32 5 18
32 39 18
32 73 18
32 82 18
32 100 18
33 2 18
33 53 18
33 55 18
33 57 18
33 64 18
33 81 18
34 17 18
34 41 18
34 48 18
34 61 18
34 64 18
34 87 18
35 28 18
35 30 18
35 52 18
35 55 18
35 80 18
36 20 18
36 29 18
36 54 18
36 82 18
36 88 18
36 90 18
37 24 18
37 58 18
37 71 18
37 84 18
38 1 18
38 7 18
38 10 18
38 60 18
38 69 18
38 100 18
39 7 18
39 60 18
39 84 18
40 14 18
40 27 18
40 51 18
40 93 18
41 18 18
41 19 18
41 39 18
41 46 18
41 69 18
42 16 18
42 27 18
42 31 18
42 38 18
42 69 18
42 93 18
43 54 18
43 60 18
43 63 18
43 83 18
44 2 18
44 8 18
44 14 18
44 26 18
44 60 18
44 78 18
44 90 18
44 93 18
45 14 18
45 93 18
45 97 18
46 18 18
46 52 18
46 57 18
46 63 18
46 93 18
47 84 18
48 3 18
48 7 18
48 23 18
48 85 18
48 92 18
48 98 18
49 10 18
49 53 18
49 61 18
49 88 18
50 2 18
50 35 18
50 39 18
50 63 18
51 17 18
51 31 18
51 32 18
51 44 18
51 45 18
51 66 18
52 3 18
52 4 18
52 9 18
52 40 18
52 49 18
52 60 18
52 61 18
52 62 18
52 76 18
53 15 18
53 27 18
53 28 18
53 37 18
53 47 18
53 60 18
53 67 18
53 80 18
54 19 18
54 36 18
54 63 18
55 92 18
56 37 18
56 41 18
56 58 18
56 60 18
56 67 18
56 79 18
56 98 18
57 11 18
57 32 18
57 42 18
58 89 18
58 94 18
59 40 18
59 43 18
59 60 18
59 74 18
59 77 18
59 85 18
59 89 18
60 18 18
60 33 18
60 71 18
60 76 18
60 98 18
61 11 18
61 24 18
61 43 18
61 82 18
61 87 18
62 7 18
62 17 18
62 23 18
62 33 18
62 40 18
62 48 18
63 17 18
63 41 18
63 55 18
63 60 18
64 4 18
64 59 18
64 67 18
64 77 18
64 96 18
65 29 18
65 46 18
65 95 18
66 9 18
66 65 18
67 22 18
67 29 18
67 78 18
67 83 18
67 87 18
67 90 18
67 92 18
67 93 18
68 1 18
68 11 18
68 26 18
68 40 18
68 43 18
68 52 18
68 54 18
68 65 18
68 89 18
69 5 18
69 29 18
69 44 18
69 76 18
70 40 18
70 41 18
70 56 18
70 62 18
71 6 18
71 31 18
71 33 18
71 47 18
71 66 18
71 80 18
72 57 18
72 74 18
72 77 18
72 97 18
73 6 18
73 8 18
73 14 18
73 35 18
73 39 18
73 93 18
73 95 18
73 96 18
74 15 18
74 34 18
74 36 18
74 43 18
74 55 18
74 57 18
74 59 18
74 75 18
74 84 18
74 85 18
75 5 18
75 11 18
75 15 18
75 59 18
76 13 18
76 47 18
76 86 18
77 17 18
77 39 18
77 41 18
77 74 18
77 97 18
78 9 18
78 22 18
78 30 18
78 42 18
78 90 18
78 100 18
79 41 18
79 48 18
79 60 18
79 64 18
79 82 18
79 95 18
80 13 18
80 50 18
80 55 18
80 71 18
80 72 18
81 13 18
81 62 18
83 15 18
83 52 18
83 58 18
83 67 18
83 80 18
83 94 18
84 5 18
84 18 18
84 69 18
85 1 18
85 34 18
85 69 18
85 82 18
85 97 18
86 36 18
86 53 18
86 60 18
86 82 18
87 42 18
87 46 18
87 57 18
87 92 18
87 95 18
88 7 18
88 12 18
88 16 18
88 48 18
88 51 18
88 62 18
89 9 18
89 11 18
89 20 18
89 21 18
89 37 18
89 42 18
89 45 18
90 8 18
90 39 18
90 45 18
90 96 18
91 5 18
91 21 18
91 24 18
91 36 18
91 63 18
91 70 18
91 80 18
92 97 18
92 99 18
93 12 18
93 33 18
93 80 18
94 7 18
94 8 18
94 10 18
94 17 18
94 23 18
94 25 18
94 34 18
94 36 18
94 38 18
94 70 18
94 78 18
94 92 18
95 1 18
95 40 18
95 53 18
95 75 18
95 77 18
95 100 18
96 78 18
96 87 18
96 98 18
96 99 18
97 9 18
97 13 18
97 15 18
97 49 18
97 72 18
97 76 18
97 90 18
98 9 18
98 17 18
98 27 18
98 29 18
98 43 18
99 27 18
99 71 18
100 8 18
100 14 18
100 31 18
100 57 18
100 82 18
100 87 18
100 89 18
1 54 19
1 60 19
1 83 19
2 6 19
2 45 19
2 51 19
2 60 19
2 73 19
3 2 19
3 19 19
3 24 19
3 54 19
3 55 19
3 77 19
4 39 19
4 74 19
4 99 19
5 15 19
5 56 19
5 60 19
5 76 19
5 92 19
5 98 19
6 14 19
6 31 19
6 48 19
6 64 19
6 73 19
6 81 19
7 14 19
7 22 19
8 21 19
8 58 19
8 68 19
8 77 19
8 86 19
8 91 19
9 31 19
9 35 19
9 61 19
9 78 19
9 84 19
10 2 19
10 62 19
10 71 19
11 13 19
11 37 19
11 42 19
11 43 19
11 55 19
11 77 19
11 91 19
11 95 19
12 2 19
12 29 19
12 36 19
12 45 19
12 49 19
12 61 19
12 66 19
12 81 19
13 15 19
13 32 19
13 40 19
13 71 19
13 80 19
14 26 19
14 35 19
14 40 19
14 42 19
14 45 19
14 82 19
14 86 19
14 99 19
15 12 19
15 27 19
15 31 19
15 44 19
15 62 19
15 91 19
16 3 19
16 8 19
16 20 19
16 25 19
16 42 19
16 96 19
17 26 19
17 34 19
17 57 19
17 84 19
18 5 19
18 40 19
18 53 19
18 69 19
18 94 19
19 6 19
19 20 19
19 44 19
19 46 19
19 54 19
19 62 19
19 74 19
19 83 19
20 17 19
20 69 19
20 72 19
20 82 19
20 96 19
20 99 19
21 23 19
21 28 19
21 32 19
21 48 19
21 66 19
21 94 19
22 13 19
22 28 19
22 49 19
22 64 19
23 30 19
23 34 19
23 46 19
23 57 19
23 73 19
23 81 19
23 95 19
24 25 19
24 31 19
24 79 19
24 94 19
25 11 19
25 29 19
25 33 19
25 35 19
25 75 19
25 77 19
25 83 19
25 92 19
26 40 19
26 66 19
26 79 19
27 20 19
27 43 19
27 56 19
27 67 19
27 92 19
28 22 19
28 64 19
28 68 19
28 83 19
29 1 19
29 68 19
29 80 19
29 83 19
29 88 19
29 95 19
30 47 19
30 51 19
30 52 19
31 5 19
31 11 19
31 94 19
31 97 19
32 18 19
32 23 19
32 51 19
33 3 19
33 69 19
33 72 19
33 86 19
34 23 19
34 26 19
34 28 19
34 32 19
34 43 19
34 55 19
34 74 19
34 78 19
34 86 19
34 90 19
35 1 19
35 3 19
35 7 19
35 36 19
35 61 19
35 82 19
35 89 19
36 22 19
36 33 19
36 48 19
36 59 19
36 65 19
36 84 19
37 9 19
37 17 19
37 64 19
37 74 19
37 76 19
37 93 19
37 96 19
38 14 19
38 29 19
38 36 19
38 75 19
38 95 19
39 2 19
39 9 19
39 15 19
39 43 19
39 65 19
39 80 19
40 21 19
40 47 19
40 53 19
40 59 19
40 89 19
41 68 19
41 70 19
41 81 19
42 25 19
42 49 19
42 51 19
42 62 19
42 67 19
42 73 19
43 22 19
43 31 19
43 33 19
43 76 19
43 92 19
43 99 19
44 3 19
44 33 19
44 42 19
45 21 19
45 27 19
45 43 19
45 47 19
45 59 19
45 60 19
45 65 19
45 94 19
45 98 19
46 30 19
46 34 19
46 53 19
46 61 19
47 16 19
47 26 19
47 28 19
47 40 19
48 25 19
48 36 19
48 53 19
49 19 19
49 26 19
49 31 19
49 38 19
49 75 19
49 77 19
50 7 19
50 69 19
51 10 19
51 21 19
51 71 19
52 11 19
52 13 19
52 22 19
52 35 19
52 64 19
52 82 19
52 91 19
52 94 19
53 7 19
53 21 19
53 38 19
53 58 19
53 64 19
53 68 19
53 74 19
53 79 19
54 1 19
54 12 19
54 52 19
54 56 19
54 74 19
54 94 19
55 6 19
55 75 19
55 96 19
56 40 19
56 77 19
56 82 19
57 46 19
57 87 19
57 89 19
58 28 19
58 60 19
59 1 19
59 15 19
59 25 19
59 76 19
60 7 19
60 11 19
60 27 19
60 49 19
60 65 19
60 83 19
60 93 19
60 95 19
61 5 19
61 13 19
61 30 19
61 35 19
61 46 19
61 55 19
61 60 19
61 83 19
62 38 19
62 58 19
62 60 19
62 68 19
62 69 19
63 45 19
63 51 19
63 57 19
63 91 19
63 96 19
64 12 19
64 17 19
64 20 19
64 34 19
64 60 19
65 23 19
65 30 19
65 58 19
65 73 19
65 74 19
65 96 19
66 12 19
66 14 19
66 29 19
66 39 19
67 3 19
67 28 19
67 30 19
67 49 19
67 86 19
68 9 19
68 62 19
68 87 19
69 30 19
69 41 19
69 71 19
69 96 19
70 4 19
70 25 19
70 26 19
70 78 19
71 34 19
72 12 19
72 35 19
72 69 19
72 79 19
72 94 19
72 95 19
73 10 19
73 21 19
73 61 19
73 100 19
74 6 19
74 12 19
74 28 19
74 73 19
74 77 19
74 80 19
74 86 19
75 1 19
75 25 19
75 80 19
75 90 19
76 7 19
76 52 19
76 57 19
77 2 19
77 9 19
77 46 19
77 49 19
77 51 19
77 66 19
77 71 19
77 93 19
77 94 19
78 20 19
78 28 19
78 55 19
78 76 19
78 81 19
78 82 19
78 87 19
78 89 19
78 97 19
79 4 19
79 65 19
79 80 19
80 34 19
80 36 19
80 65 19
80 84 19
80 94 19
81 47 19
81 56 19
81 83 19
81 92 19
82 8 19
82 21 19
82 28 19
82 42 19
82 56 19
82 61 19
82 72 19
82 74 19
82 89 19
82 95 19
83 51 19
83 62 19
83 68 19
83 90 19
83 98 19
84 13 19
84 27 19
84 30 19
84 33 19
84 74 19
84 92 19
85 18 19
85 22 19
85 48 19
85 87 19
85 93 19
86 37 19
86 74 19
86 75 19
86 76 19
87 34 19
87 41 19
87 60 19
87 69 19
87 76 19
87 78 19
87 85 19
87 88 19
88 4 19
88 24 19
88 39 19
88 49 19
88 77 19
89 28 19
89 78 19
89 87 19
89 88 19
89 92 19
90 38 19
90 66 19
90 68 19
90 86 19
91 9 19
91 14 19
91 25 19
91 53 19
91 78 19
91 88 19
92 15 19
92 59 19
92 71 19
92 88 19
93 32 19
93 47 19
93 82 19
93 100 19
94 55 19
94 85 19
95 3 19
95 9 19
95 18 19
95 25 19
95 29 19
95 44 19
95 45 19
95 64 19
95 76 19
95 94 19
96 6 19
96 15 19
96 24 19
96 37 19
96 64 19
96 83 19
96 86 19
97 38 19
97 56 19
97 74 19
97 94 19
98 6 19
98 12 19
98 20 19
98 51 19
98 65 19
99 32 19
99 47 19
99 53 19
99 65 19
100 10 19
100 18 19
100 63 19
100 64 19
100 65 19
100 81 19
2 82 20
2 88 20
3 20 20
3 26 20
3 35 20
3 91 20
4 33 20
4 57 20
4 60 20
4 70 20
4 83 20
4 85 20
4 97 20
5 12 20
5 25 20
5 26 20
5 33 20
5 35 20
5 53 20
5 99 20
6 5 20
6 13 20
6 28 20
7 2 20
7 71 20
7 95 20
8 27 20
8 59 20
8 67 20
8 75 20
8 84 20
9 16 20
9 17 20
9 22 20
9 25 20
9 79 20
9 91 20
10 20 20
10 35 20
10 44 20
10 45 20
11 3 20
11 21 20
11 25 20
11 45 20
11 49 20
12 10 20
12 42 20
12 50 20
12 79 20
12 82 20
13 6 20
13 31 20
13 37 20
13 52 20
13 69 20
13 73 20
13 90 20
14 3 20
14 43 20
14 57 20
15 2 20
15 40 20
15 60 20
16 41 20
16 56 20
16 74 20
17 15 20
17 35 20
17 51 20
17 53 20
17 74 20
17 91 20
18 6 20
18 11 20
18 24 20
18 30 20
18 37 20
18 60 20
18 96 20
19 5 20
19 28 20
19 71 20
19 96 20
20 61 20
20 64 20
20 95 20
21 7 20
21 61 20
21 91 20
22 7 20
22 12 20
22 14 20
22 35 20
22 77 20
22 78 20
22 85 20
22 87 20
23 3 20
23 8 20
23 36 20
23 58 20
23 74 20
23 89 20
24 82 20
24 87 20
25 3 20
25 27 20
25 45 20
25 57 20
25 67 20
25 84 20
26 13 20
27 14 20
27 71 20
27 78 20
27 87 20
27 94 20
28 4 20
28 40 20
28 45 20
28 77 20
28 78 20
29 5 20
29 48 20
29 53 20
29 76 20
30 1 20
30 9 20
30 15 20
30 36 20
30 93 20
31 16 20
31 63 20
32 8 20
32 17 20
32 28 20
32 35 20
32 42 20
32 60 20
32 85 20
33 38 20
33 42 20
33 58 20
33 62 20
34 16 20
34 36 20
34 98 20
35 29 20
35 47 20
35 59 20
36 5 20
36 8 20
36 15 20
36 21 20
36 26 20
36 71 20
36 86 20
37 10 20
38 57 20
38 65 20
38 83 20
38 87 20
38 93 20
39 35 20
39 51 20
39 74 20
39 79 20
40 7 20
40 13 20
40 41 20
40 68 20
41 36 20
41 42 20
41 43 20
41 50 20
41 74 20
41 94 20
42 7 20
42 23 20
42 46 20
42 66 20
42 75 20
42 83 20
42 95 20
43 4 20
43 11 20
43 36 20
43 59 20
43 69 20
43 78 20
43 85 20
43 97 20
44 15 20
44 16 20
44 37 20
44 38 20
44 52 20
44 65 20
44 75 20
44 97 20
44 98 20
45 46 20
45 57 20
45 64 20
46 8 20
46 37 20
47 15 20
47 21 20
47 32 20
47 33 20
47 92 20
48 8 20
48 51 20
48 67 20
48 76 20
48 81 20
48 83 20
49 45 20
49 54 20
50 3 20
50 10 20
50 70 20
50 74 20
50 82 20
51 9 20
51 37 20
51 59 20
51 73 20
51 96 20
51 97 20
52 12 20
52 19 20
53 41 20
53 46 20
53 83 20
53 91 20
54 13 20
54 33 20
54 38 20
54 50 20
54 66 20
55 10 20
55 17 20
55 19 20
55 26 20
55 38 20
55 45 20
55 94 20
55 97 20
56 16 20
56 45 20
56 52 20
56 81 20
57 86 20
57 92 20
58 2 20
58 17 20
58 24 20
58 50 20
58 57 20
58 75 20
59 29 20
59 58 20
59 78 20
59 91 20
59 95 20
59 98 20
60 23 20
60 43 20
60 80 20
61 56 20
61 67 20
61 77 20
61 79 20
61 84 20
61 91 20
61 93 20
61 95 20
62 1 20
62 16 20
62 21 20
62 41 20
62 43 20
62 95 20
63 6 20
63 62 20
64 9 20
64 56 20
64 61 20
64 62 20
64 73 20
64 87 20
64 100 20
65 3 20
65 11 20
65 34 20
65 44 20
65 80 20
65 98 20
66 5 20
66 6 20
66 13 20
66 20 20
66 35 20
66 40 20
66 60 20
67 4 20
67 21 20
67 40 20
67 41 20
67 48 20
67 58 20
67 66 20
67 80 20
67 96 20
67 97 20
68 10 20
68 20 20
68 81 20
68 96 20
68 98 20
69 3 20
69 15 20
69 25 20
69 62 20
69 64 20
70 9 20
70 29 20
70 36 20
70 67 20
71 54 20
71 64 20
71 68 20
71 75 20
72 7 20
72 9 20
72 26 20
72 37 20
72 38 20
72 40 20
72 56 20
72 58 20
72 92 20
73 2 20
73 26 20
73 49 20
73 60 20
73 76 20
73 82 20
74 38 20
74 79 20
74 90 20
75 8 20
75 24 20
75 29 20
75 54 20
75 84 20
76 17 20
76 26 20
76 37 20
76 45 20
76 62 20
76 74 20
76 81 20
76 91 20
77 22 20
77 27 20
77 32 20
77 45 20
77 52 20
77 54 20
77 58 20
78 5 20
78 7 20
78 8 20
78 31 20
78 66 20
79 36 20
79 38 20
79 76 20
79 84 20
80 10 20
80 20 20
80 98 20
81 22 20
81 29 20
81 53 20
81 57 20
81 60 20
81 66 20
81 73 20
81 97 20
81 100 20
82 1 20
82 11 20
82 39 20
82 43 20
82 47 20
82 64 20
82 70 20
82 83 20
83 30 20
83 32 20
83 74 20
83 84 20
83 95 20
84 12 20
84 51 20
84 75 20
84 96 20
84 97 20
85 15 20
85 35 20
85 39 20
85 46 20
85 65 20
85 74 20
85 79 20
85 81 20
85 94 20
86 22 20
86 73 20
87 6 20
87 11 20
87 25 20
87 29 20
87 54 20
87 58 20
87 71 20
88 13 20
88 14 20
88 19 20
88 40 20
88 45 20
88 69 20
88 87 20
88 100 20
89 12 20
89 41 20
89 56 20
89 96 20
90 14 20
90 28 20
90 29 20
90 47 20
90 64 20
90 70 20
90 92 20
90 95 20
91 58 20
91 62 20
91 82 20
91 98 20
92 7 20
92 19 20
92 20 20
92 21 20
92 42 20
92 57 20
92 77 20
92 81 20
93 7 20
93 54 20
93 60 20
93 66 20
93 78 20
93 79 20
94 20 20
94 99 20
95 11 20
95 26 20
96 16 20
96 45 20
97 6 20
97 14 20
97 35 20
97 40 20
97 50 20
97 65 20
97 66 20
98 64 20
98 86 20
99 28 20
99 41 20
99 90 20
100 3 20
100 27 20
100 30 20
100 43 20
100 88 20